207
76
77
78
79
81
82
83
200
201
202
203
204
205
206
322
326
328
329
330
443
446
447
448
449
450
451
452
568
569
570
571
573
574
575
691
692
694
695
696
697
698
816
819
820
822
824
937
939
940
941
942
944
947
1061
1062
1063
1064
1065
1066
1067
1068
1180
1183
1185
1186
1187
1188
1189
1192
1302
1304
1305
1306
1307
1309
1311
1313
1428
1429
1430
1431
1432
1433
1549
1550
1551
1554
1555
1556
1672
1675
1676
1677
1678
1679
1792
1793
1794
1796
1797
1798
1799
1801
1916
1917
1919
1920
1923
2037
2039
2040
2042
2043
2044
2161
2162
2163
2164
2165
2166
2167
2280
2281
2282
2284
2285
2286
2287
2288
2402
2403
2404
2405
2406
2407
2408
2524
2525
2526
2527
2530
2531
2649
2650
2651
2652
2653
2768
2772
2773
2774
2775
2890
2891
2892
2893
2894
2896
2897
3012
3013
3016
3017
3018
3132
3134
3135
3136
3137
3140
3141
3142
3256
3260
3261
3262
3263
3378
3379
3382
3383
3385
3386
3498
3500
3501
3503
3504
3505
3506
3507
3622
3623
3624
3625
3626
3627
3628
3744
3745
3746
3747
3748
3749
3750
3751
3754
3866
3867
3868
3869
3870
3871
3873
3882
579
1680
2046
2290
2412
2534
2656
2900
3388
1924
1802
2899
455
821
2895
2898
3265
332
2778
454
577
700
701
1557
2045
2289
2411
2655
2777
3021
3143
3387
3631
3753
3875
3752
3630
457
88
580
703
826
1072
1194
1316
1560
1682
1804
1926
2048
2292
2658
3755
3877
825
86
456
1315
1438
2170
2779
3023
3144
3266
3267
3389
3633
1070
209
1314
2168
1617
193
1786
3735
0
3
5
123
127
247
369
371
374
497
615
618
620
738
739
740
742
861
1111
1350
1474
1477
1594
1596
1716
1717
1718
1721
1840
1960
1961
1964
1965
2082
2085
2204
2206
2208
2326
2328
2331
2448
2453
2456
2570
2572
2575
2692
2819
2938
2940
3058
3059
3063
3180
3182
3184
3185
3302
3303
3424
3425
3429
3550
3669
3670
3672
3675
3791
3792
3794
1
2
6
7
8
9
11
19
24
26
27
648
766
1149
1375
1498
1622
1623
1863
1987
1988
2110
2232
2474
2598
2721
2840
2964
3454
3573
29
12
13
14
16
18
21
22
23
131
133
135
136
137
138
140
141
147
164
256
262
263
273
378
379
382
385
386
395
398
399
501
503
504
508
509
517
521
623
625
627
628
631
632
746
747
748
750
753
754
755
757
780
870
871
877
878
881
904
993
994
996
997
1001
1005
1006
1014
1115
1116
1120
1122
1123
1128
1139
1145
1238
1239
1240
1241
1242
1243
1244
1245
1250
1265
1357
1359
1362
1363
1366
1367
1371
1372
1379
1481
1482
1484
1485
1488
1489
1491
1494
1601
1603
1606
1607
1616
1618
1626
1725
1728
1731
1732
1733
1736
1739
1849
1850
1854
1855
1888
1969
1971
1972
1973
1974
1976
1977
1992
1993
2000
2004
2089
2091
2094
2095
2096
2097
2098
2099
2103
2104
2105
2123
2213
2215
2216
2217
2223
2226
2227
2228
2337
2338
2340
2342
2361
2457
2462
2463
2464
2579
2580
2582
2583
2591
2615
2701
2702
2703
2705
2706
2707
2708
2731
2734
2826
2827
2829
2830
2836
2943
2945
2946
2949
2952
2955
2963
2977
3068
3070
3072
3074
3077
3078
3079
3082
3188
3189
3190
3195
3196
3202
3217
3311
3313
3315
3316
3318
3322
3433
3434
3436
3437
3439
3440
3443
3445
3555
3557
3559
3560
3561
3562
3574
3579
3582
3590
3678
3679
3680
3681
3688
3690
3704
3707
3793
3797
3799
3800
3801
3802
3803
3805
3811
3837
30
31
152
155
276
277
403
646
768
887
890
891
1011
1013
1018
1134
1257
1259
1502
1503
1624
1745
1747
1748
1989
2111
2230
2233
2234
2354
2358
2359
2475
2602
2720
2722
2845
2847
2967
3087
3088
3211
3453
3575
3576
3699
3700
32
33
34
35
1507
36
37
38
39
40
56
59
61
62
66
64
191
312
313
558
1172
1417
1782
1905
2029
2392
2758
2879
3245
3368
70
1046
1168
1658
74
75
690
1424
2766
124
125
126
128
130
132
134
139
143
144
148
271
518
640
1619
2107
2473
2716
2717
2961
3449
3815
149
150
160
275
304
394
397
519
520
522
642
888
1009
1010
1130
1133
1254
1255
1377
1378
1380
1497
1501
1620
1625
1743
1744
1746
1866
1867
2106
2115
2356
2479
2597
2618
2719
2841
2843
2844
3207
3330
3451
3571
3572
3693
3696
3818
151
153
154
156
157
158
159
161
162
41
42
43
45
60
146
166
167
269
285
288
290
393
410
413
415
428
516
535
536
639
645
656
658
760
762
885
889
895
905
1024
1027
1129
1131
1137
1144
1251
1252
1253
1268
1270
1271
1275
1374
1376
1387
1394
1495
1496
1505
1513
1516
1634
1638
1740
1741
1754
1755
1758
1862
1864
1984
1990
2002
2003
2120
2124
2126
2229
2231
2348
2349
2350
2364
2367
2368
2369
2371
2470
2471
2472
2490
2492
2594
2603
2609
2613
2614
2736
2838
2848
2856
2858
2960
2969
2975
3083
3102
3203
3204
3208
3220
3223
3324
3326
3327
3340
3341
3344
3447
3448
3459
3462
3691
3692
3705
3708
3709
3830
3831
3832
3833
3834
165
408
903
1146
1267
2730
3098
3586
3587
3827
181
182
550
919
1042
1043
1164
1165
1286
1896
2018
2140
2262
2750
2872
2994
3116
3848
183
188
1049
1291
1415
2022
2511
2635
2877
3120
3243
3488
3853
196
73
197
248
250
251
252
254
257
259
260
261
264
1857
3565
266
267
268
272
278
279
280
282
283
286
2242
3585
291
783
906
3470
295
306
1531
1653
1775
2019
2142
2385
2507
2629
2873
3117
3361
3483
3727
307
316
317
318
320
935
1059
2157
2888
3620
3863
3864
321
198
567
812
813
1060
1181
1303
1425
1546
1547
1791
1912
1913
1914
2034
2278
2522
2648
3010
3133
3254
3255
3376
3499
3742
3743
327
370
372
373
375
380
383
384
387
388
389
1490
1612
1734
1856
2221
2222
2343
2587
2588
2709
2711
2833
2953
3197
3320
3563
3685
3686
3807
396
400
401
402
404
405
406
407
409
309
433
678
679
801
925
1047
1170
1294
1411
1413
1535
1536
1633
1635
1657
1779
1877
2122
2144
2266
2634
2853
2998
3000
3095
3118
3122
3221
3222
3343
3345
3486
3487
3607
411
414
422
424
4
20
25
46
47
48
49
50
51
52
54
55
58
142
145
168
170
171
172
173
176
246
249
253
255
258
265
289
293
294
296
297
300
303
305
376
377
390
391
417
418
419
420
425
426
427
493
502
505
507
515
539
540
541
542
543
546
549
617
624
629
630
637
661
662
663
664
665
666
668
671
672
675
782
784
785
786
787
788
789
792
795
796
863
866
876
883
907
908
910
911
912
917
987
995
999
1003
1030
1031
1032
1033
1034
1037
1039
1041
1153
1154
1155
1156
1159
1162
1230
1261
1272
1273
1274
1276
1278
1284
1285
1351
1352
1361
1365
1369
1373
1393
1397
1398
1399
1400
1402
1407
1483
1486
1514
1517
1518
1519
1520
1521
1522
1524
1529
1595
1597
1605
1610
1615
1640
1641
1642
1650
1651
1720
1729
1738
1762
1763
1764
1765
1766
1770
1773
1839
1848
1852
1853
1859
1860
1882
1885
1886
1887
1889
1891
1893
1894
1966
1981
2006
2007
2009
2010
2013
2015
2016
2088
2100
2125
2129
2130
2132
2133
2135
2139
2205
2209
2249
2250
2251
2252
2253
2254
2257
2261
2341
2345
2347
2372
2373
2374
2375
2376
2380
2451
2455
2459
2494
2495
2496
2497
2498
2500
2501
2503
2576
2577
2578
2584
2592
2596
2616
2619
2620
2625
2693
2704
2713
2714
2735
2737
2738
2739
2740
2741
2742
2744
2745
2747
2817
2821
2823
2825
2831
2832
2861
2862
2863
2868
2870
2871
2951
2954
2956
2957
2958
2983
2984
2985
2986
2991
3060
3062
3067
3069
3080
3103
3104
3105
3106
3107
3108
3109
3115
3183
3187
3201
3225
3226
3227
3228
3229
3230
3236
3237
3308
3323
3348
3349
3350
3351
3352
3427
3428
3431
3432
3441
3444
3446
3466
3471
3472
3474
3480
3481
3482
3548
3551
3567
3568
3588
3592
3593
3594
3595
3601
3682
3687
3711
3713
3715
3716
3717
3718
3724
3795
3836
3838
3839
3840
3846
3847
429
1166
431
1289
2143
2997
3363
436
53
174
175
298
301
545
551
667
669
670
790
791
797
913
1035
1036
1157
1158
1161
1279
1280
1282
1283
1287
1295
1401
1405
1523
1526
1527
1645
1646
1767
1768
1772
1890
1892
2011
2012
2014
2134
2255
2256
2263
2377
2378
2381
2502
2622
2743
2866
2867
2987
2988
3110
3231
3232
3353
3354
3475
3597
3719
3720
439
441
492
494
495
496
129
498
499
500
506
511
512
513
514
302
1493
523
524
525
526
527
528
529
530
531
532
533
534
537
538
548
1771
2382
3112
3358
3478
552
553
562
685
808
931
1054
1176
1420
1542
564
616
619
621
3199
622
626
804
2218
633
634
635
636
641
643
644
647
649
650
1263
3338
3583
651
652
654
655
657
660
1639
2127
2128
2493
3347
3469
3591
3714
3835
674
681
65
186
187
308
310
311
432
434
435
555
557
677
680
800
802
924
926
927
1048
1050
1169
1171
1412
1534
1537
1656
1659
1781
1900
1901
1902
1904
2023
2024
2025
2146
2147
2148
2267
2269
2383
2388
2389
2390
2391
2513
2632
2633
2753
2754
2755
2756
2757
2876
2878
2995
2999
3001
3111
3121
3242
3244
3364
3365
3367
3608
3610
3611
3730
3732
3733
3849
3851
3852
3854
686
2640
2762
699
1190
1800
2410
2776
741
743
744
745
749
751
1851
2336
752
756
758
759
764
767
769
1138
1628
2842
2965
3085
3089
3209
3457
770
774
775
776
777
779
781
798
799
807
68
69
192
314
315
437
438
560
561
683
684
806
929
930
1052
1053
1174
1175
1296
1418
1419
1541
1662
1663
1784
1785
1906
1907
2028
2150
2151
2272
2273
2394
2395
2517
2532
2638
2639
2760
2761
2882
2883
3005
3126
3127
3248
3249
3370
3371
3492
3493
3614
3615
3736
3737
3857
3858
809
810
817
862
864
867
868
869
872
873
874
875
879
880
882
892
893
894
896
897
898
899
653
900
901
909
920
921
922
923
1532
2874
933
319
1056
1423
3252
3740
984
985
986
988
989
990
991
992
998
1000
15
1002
1004
1012
1015
1016
1017
1019
1020
1021
1875
3219
1022
1023
1025
1026
1028
1029
1057
1106
1107
1108
1109
1110
1112
1113
1114
1117
1118
1119
1121
1124
1125
1126
10
1364
3073
1127
1132
1135
1136
1140
1141
1142
1143
1148
1151
1163
1167
1178
1228
1229
1231
1232
1233
1234
1235
1236
1237
1246
1247
1248
1249
1256
1258
1260
1262
1266
1632
2243
2487
3463
1277
1290
1292
1298
1301
1308
1353
1354
1355
1356
1358
1360
1370
1381
1382
1383
1385
1386
1388
1390
1391
1392
1395
1396
1408
1409
1774
3726
1422
72
1472
1473
1475
1476
1478
1479
1480
1487
1492
1499
1504
1506
1508
1509
1510
1511
1512
1515
1530
1540
1297
2393
2516
2637
2759
2881
3369
3491
1544
1552
1598
1599
1602
1608
1609
1611
17
1613
1614
1627
1629
1630
1631
1636
1637
1643
1644
1652
1664
1665
1666
1670
331
1184
1673
1671
1310
1719
1722
1723
1724
1726
1727
1368
1730
1735
1737
1742
1749
1750
1751
1752
1753
1756
1759
1760
1761
1787
563
1838
1841
1842
1843
1844
1845
1846
1847
1858
1861
884
1865
274
1868
1869
1870
1871
1872
1873
1874
1876
1878
1879
1883
1884
1152
1895
1897
1908
1910
1962
1604
1963
1967
1968
1970
1975
1978
1979
1980
1982
1983
1985
3224
3468
1986
1991
1994
1995
1996
1997
1998
1999
2005
292
2008
2017
2020
2030
2083
2086
2087
2090
2092
2093
2101
2102
2108
2109
2114
2116
2117
2113
2118
2119
2121
2131
2136
2137
2138
2259
2746
3723
2141
2145
44
57
71
163
169
177
178
179
184
185
281
287
299
412
421
423
430
544
547
554
556
659
676
763
793
794
886
902
914
915
916
918
1038
1040
1044
1045
1147
1160
1269
1281
1288
1384
1389
1403
1404
1406
1410
1525
1528
1533
1647
1648
1649
1654
1655
1757
1769
1776
1777
1778
1780
1880
1881
1898
1899
2001
2021
2112
2241
2245
2246
2247
2258
2264
2265
2268
2379
2386
2387
2489
2491
2499
2504
2508
2512
2608
2621
2623
2624
2626
2627
2630
2631
2748
2752
2839
2865
2869
2875
2989
2990
2992
3101
3113
3210
3218
3234
3235
3240
3355
3356
3357
3362
3366
3464
3476
3477
3479
3484
3485
3596
3598
3599
3600
3602
3606
3721
3722
3728
3729
3731
3828
3841
3842
3843
3844
3845
3850
2149
1539
2027
2160
2207
865
2210
2211
2212
2214
2219
928
3003
2220
2224
2225
778
2235
2236
2237
2238
2239
771
2240
2244
2248
2274
2276
2283
1674
2327
2329
2330
2084
2332
2333
2334
2335
2339
2344
2346
2351
2352
2353
2355
772
2357
2360
2362
2363
2365
284
2366
2370
2384
2449
2450
2452
2454
2458
2460
2461
2465
2466
2467
2468
2469
2476
2478
2480
2481
2482
2483
2484
2485
2486
2488
2506
2518
2528
2529
2571
2573
2574
2581
2585
2586
3684
3806
2589
3071
2590
2593
2595
2599
2600
2601
2604
2606
2607
2610
2611
2612
2617
2628
2642
2644
2694
2695
2696
2697
2698
2699
2700
2710
2712
2715
2718
765
2723
2724
2725
2726
2727
2728
2729
2732
2733
2749
2505
2751
2764
2765
2769
445
2041
2814
2815
2816
2818
2820
2822
2824
2828
2834
2835
2837
761
2846
2849
2850
2851
2854
2855
2857
1150
2859
2860
2864
2880
1660
2885
2886
2887
84
1426
1548
1669
2035
2036
2767
3014
3377
3825
2936
2937
2939
2941
2942
2944
2947
2948
2950
2959
270
2962
2966
2968
2970
2971
2972
2973
2974
1264
2976
2978
2979
2980
2981
2982
416
2996
3004
3006
3008
3061
3064
3065
3066
3075
3076
3084
3090
3091
3092
3093
3094
3096
3097
392
638
1007
1008
1500
1621
2260
3081
3086
3328
3569
3099
3100
3114
180
3119
2509
3128
3130
3181
3186
3191
3192
3193
3194
381
3198
3200
3205
3206
3212
3213
3214
2605
3215
3216
3233
3238
3239
3241
673
3247
67
189
190
559
682
803
805
1051
1173
1293
1414
1416
1538
1661
1783
1903
2026
2270
2271
2510
2514
2515
2636
3002
3123
3124
3125
3246
3489
3490
3612
3613
3734
3855
3856
3251
3495
3861
3304
3305
3306
3307
1600
3309
3310
3312
3314
3317
3319
3321
3325
3329
3332
3333
3334
3335
3336
3337
3339
3342
3346
3359
3360
3426
3430
3435
3438
3442
3450
3452
3455
3456
3331
3458
3460
3461
3465
3706
3829
3467
3473
3546
3547
3549
3552
3553
3554
3556
3558
3564
3566
3570
3577
3578
3580
3581
3584
2852
3589
3603
3604
3605
3609
63
3617
3668
3671
3673
3674
3676
3677
3683
510
3689
3694
3695
3697
3698
3701
3702
3703
3710
3712
3725
2993
3738
2396
3741
3497
3790
3796
3798
3804
3808
3809
3810
3812
28
3813
3814
3816
3817
3819
773
3820
3821
2477
3822
3823
3824
3826
3859
3872
1681
832
2901
578
333
3509
3632
3876
948
1559
2291
1193
2536
2780
1925
2047
2169
2413
2535
3511
2038
1182
1435
2158
2159
3865
2533
1069
 210
87
1558
1803
2657
3022
3145
 211
949
1437
2414
 243
367
1103
2934
3056
3177
3179
3299
3422
3665
3787
1709
363
1712
2811
3178
3298
3544
3423
1349
3545
117
238
488
612
1104
1465
1589
1957
2322
2932
245
2081
2079
3053
3055
 