2886
165
155
167
456
457
467
759
760
765
769
771
1071
1363
1364
1365
1671
1964
1977
2274
2571
2581
2883
3171
3174
3185
3474
3482
3487
3780
3789
4078
4091
4380
4393
4695
4986
4991
4997
5286
5298
5599
5900
6192
6202
6489
6490
6789
6790
7093
7094
7995
7996
8000
8001
8006
8276
8296
8298
8299
8307
8595
8596
8598
8608
8610
8898
8911
9198
9202
9210
9507
9511
492
3027
8599
863
772
1491
294
301
478
1081
1390
1685
1704
2093
2107
2942
3302
3305
3800
4106
4107
4209
4407
4707
4713
4829
5076
5106
5109
5129
5410
5417
5910
6030
6305
6570
6619
6849
7206
7416
7430
7519
7715
7717
7817
8021
8024
8115
8359
8423
8628
8738
8744
9343
9346
9521
9523
9628
867
852
1073
4381
38
39
40
41
42
43
44
45
47
48
49
58
59
60
61
63
64
65
67
71
77
78
80
82
83
84
86
87
88
90
91
92
93
94
95
96
97
98
100
101
102
103
105
107
108
109
112
114
120
121
122
123
124
126
127
131
132
133
134
135
140
142
145
146
151
153
157
158
159
160
162
163
168
189
203
204
210
215
340
341
342
343
344
345
346
347
348
349
350
351
359
360
361
365
367
369
370
371
381
382
383
386
387
389
390
391
392
393
394
395
396
397
398
399
400
402
404
411
412
420
421
423
424
427
429
431
433
434
435
436
438
439
440
441
451
455
461
463
464
468
470
497
499
503
642
643
644
645
646
647
648
649
650
651
652
653
661
662
663
665
668
670
671
673
675
679
683
685
686
687
688
689
690
691
692
693
694
695
696
697
698
699
701
702
703
706
708
710
711
713
715
716
722
723
726
727
728
729
731
732
733
734
735
736
737
740
742
743
750
761
763
764
767
770
788
790
795
827
944
945
946
947
948
950
951
952
953
963
964
966
967
968
969
970
971
973
974
976
979
980
981
982
985
989
990
991
992
993
994
995
996
997
998
1001
1003
1004
1005
1007
1008
1009
1012
1014
1015
1016
1017
1022
1023
1024
1025
1026
1027
1029
1030
1031
1033
1036
1037
1038
1039
1042
1043
1044
1045
1046
1050
1051
1059
1060
1063
1067
1069
1070
1072
1101
1104
1106
1110
1112
1115
1117
1125
1246
1247
1248
1249
1250
1251
1252
1253
1254
1255
1257
1259
1265
1267
1268
1269
1271
1273
1275
1277
1283
1285
1288
1290
1291
1292
1293
1294
1295
1296
1297
1298
1299
1300
1301
1302
1303
1304
1305
1306
1307
1308
1309
1311
1312
1316
1317
1319
1320
1321
1322
1328
1329
1330
1331
1332
1333
1335
1336
1338
1340
1341
1343
1346
1348
1357
1358
1366
1367
1369
1374
1397
1405
1408
1411
1414
1417
1418
1420
1548
1549
1551
1552
1553
1554
1555
1556
1558
1559
1562
1567
1568
1569
1570
1571
1573
1574
1575
1576
1577
1578
1579
1580
1581
1585
1587
1592
1593
1595
1596
1597
1598
1599
1600
1601
1602
1603
1605
1606
1607
1609
1610
1611
1612
1613
1616
1617
1620
1621
1622
1627
1628
1629
1630
1631
1635
1636
1638
1639
1640
1641
1642
1643
1644
1648
1649
1650
1651
1657
1663
1667
1669
1670
1676
1677
1699
1700
1702
1703
1715
1729
1738
1850
1851
1852
1853
1854
1855
1856
1857
1858
1859
1860
1861
1869
1870
1871
1872
1873
1882
1884
1886
1891
1893
1894
1895
1896
1897
1898
1899
1901
1902
1903
1904
1905
1906
1907
1908
1909
1910
1911
1913
1914
1915
1916
1917
1922
1930
1931
1932
1933
1935
1936
1938
1941
1942
1943
1944
1945
1952
1953
1957
1962
1966
1971
1973
1978
1980
1996
2003
2004
2016
2017
2034
2152
2153
2154
2155
2156
2157
2158
2159
2160
2161
2162
2163
2171
2172
2173
2179
2181
2183
2184
2187
2188
2190
2194
2197
2198
2199
2200
2201
2202
2204
2205
2206
2207
2208
2209
2210
2211
2212
2213
2214
2215
2216
2217
2219
2222
2223
2224
2226
2232
2233
2234
2235
2237
2238
2239
2241
2242
2243
2244
2245
2246
2248
2249
2252
2253
2254
2255
2258
2262
2267
2273
2279
2280
2310
2314
2319
2326
2327
2454
2455
2456
2457
2458
2459
2460
2462
2463
2464
2465
2473
2474
2475
2477
2480
2482
2483
2487
2488
2489
2491
2493
2496
2498
2500
2501
2502
2503
2505
2506
2507
2508
2509
2510
2511
2512
2513
2514
2515
2516
2517
2518
2519
2522
2523
2524
2525
2526
2527
2528
2529
2533
2534
2535
2536
2537
2538
2539
2540
2541
2542
2543
2545
2546
2547
2548
2549
2550
2552
2553
2554
2555
2569
2572
2575
2586
2609
2619
2629
2756
2757
2758
2759
2761
2762
2763
2764
2765
2766
2767
2772
2775
2776
2778
2779
2780
2781
2782
2783
2785
2786
2795
2798
2799
2800
2801
2804
2805
2807
2808
2809
2811
2813
2814
2815
2819
2820
2821
2822
2825
2827
2828
2830
2836
2838
2839
2842
2843
2844
2846
2847
2848
2849
2850
2851
2852
2855
2857
2858
2863
2864
2875
2877
2879
2880
2881
2884
2885
2911
2915
2916
2931
2956
3058
3059
3061
3062
3063
3064
3065
3066
3067
3068
3071
3078
3080
3081
3083
3085
3087
3090
3091
3094
3099
3102
3104
3105
3106
3107
3108
3109
3110
3111
3113
3114
3115
3116
3117
3118
3119
3120
3121
3123
3124
3126
3130
3136
3138
3140
3142
3144
3147
3148
3150
3152
3153
3154
3155
3156
3158
3160
3168
3169
3176
3179
3180
3181
3182
3186
3187
3210
3213
3216
3219
3237
3360
3361
3362
3363
3364
3365
3366
3367
3368
3370
3371
3380
3381
3382
3383
3384
3397
3401
3402
3404
3407
3408
3410
3411
3412
3413
3414
3415
3416
3417
3418
3420
3421
3422
3424
3425
3426
3427
3431
3439
3440
3441
3443
3447
3450
3451
3452
3454
3455
3456
3459
3460
3461
3462
3463
3465
3466
3476
3477
3480
3481
3483
3489
3516
3521
3525
3662
3663
3664
3665
3666
3667
3668
3670
3671
3672
3673
3681
3682
3683
3690
3698
3699
3703
3706
3707
3709
3711
3712
3714
3715
3716
3717
3718
3719
3720
3721
3722
3724
3725
3726
3730
3731
3733
3734
3736
3743
3744
3745
3746
3748
3750
3751
3752
3753
3754
3755
3756
3757
3758
3759
3762
3763
3764
3770
3771
3775
3776
3777
3778
3782
3784
3790
3813
3825
3846
3964
3965
3966
3967
3968
3969
3970
3972
3973
3974
3975
3984
3986
3987
3990
3992
3995
4006
4008
4009
4011
4012
4014
4016
4017
4018
4019
4021
4022
4023
4025
4026
4027
4028
4029
4030
4031
4033
4035
4036
4037
4043
4044
4045
4046
4048
4049
4050
4051
4052
4055
4056
4058
4059
4060
4063
4064
4065
4066
4067
4069
4072
4076
4079
4080
4082
4083
4084
4085
4087
4088
4090
4092
4094
4118
4125
4136
4139
4266
4267
4268
4269
4270
4271
4272
4273
4274
4276
4277
4285
4286
4289
4292
4300
4308
4309
4310
4311
4312
4313
4314
4315
4316
4317
4318
4320
4321
4322
4323
4324
4326
4327
4328
4329
4331
4332
4337
4338
4341
4342
4346
4347
4349
4350
4351
4352
4354
4357
4359
4361
4362
4363
4365
4366
4370
4374
4376
4379
4382
4383
4389
4394
4409
4422
4429
4445
4568
4569
4570
4572
4573
4575
4577
4578
4579
4587
4589
4591
4593
4596
4598
4600
4602
4610
4611
4612
4613
4615
4616
4617
4619
4620
4621
4622
4623
4624
4625
4626
4628
4630
4631
4632
4633
4641
4642
4644
4649
4650
4651
4654
4655
4656
4657
4658
4659
4660
4661
4662
4664
4667
4668
4669
4670
4671
4676
4678
4683
4685
4686
4687
4689
4690
4691
4693
4696
4714
4722
4723
4729
4870
4871
4872
4873
4874
4876
4877
4878
4879
4880
4889
4890
4891
4893
4897
4898
4899
4901
4903
4906
4907
4911
4912
4914
4916
4917
4918
4919
4920
4921
4922
4923
4924
4925
4926
4927
4928
4929
4930
4931
4934
4935
4939
4941
4945
4950
4951
4952
4953
4954
4958
4959
4961
4962
4963
4965
4966
4969
4971
4972
4975
4976
4977
4978
4980
4983
4985
4987
4993
4994
4998
5032
5035
5044
5171
5172
5173
5174
5175
5176
5177
5178
5179
5180
5181
5190
5191
5193
5194
5197
5199
5201
5204
5205
5213
5215
5217
5218
5219
5220
5221
5223
5224
5225
5226
5227
5228
5229
5230
5231
5232
5233
5235
5236
5238
5242
5244
5246
5249
5250
5251
5252
5254
5255
5256
5257
5258
5260
5261
5262
5263
5264
5265
5266
5267
5270
5271
5274
5277
5278
5279
5281
5285
5288
5290
5292
5296
5299
5326
5336
5345
5472
5473
5474
5475
5476
5477
5478
5480
5481
5482
5483
5491
5492
5493
5494
5495
5497
5498
5502
5504
5506
5507
5511
5513
5516
5517
5519
5520
5521
5522
5523
5524
5525
5526
5527
5528
5529
5530
5531
5532
5534
5535
5536
5537
5538
5542
5543
5544
5545
5546
5547
5549
5551
5552
5553
5556
5557
5560
5561
5563
5564
5566
5567
5568
5572
5573
5574
5575
5576
5580
5582
5583
5590
5591
5592
5593
5600
5602
5625
5636
5640
5648
5773
5774
5775
5776
5777
5779
5780
5781
5782
5783
5784
5794
5796
5803
5809
5811
5813
5814
5818
5819
5821
5822
5823
5825
5826
5827
5828
5829
5830
5831
5832
5833
5834
5835
5836
5837
5842
5844
5846
5848
5854
5855
5856
5857
5859
5860
5861
5863
5864
5865
5866
5867
5868
5869
5871
5872
5873
5875
5878
5883
5884
5885
5890
5891
5892
5894
5895
5896
5901
5922
5933
5942
5944
5945
5983
6074
6075
6076
6077
6078
6080
6081
6082
6083
6084
6088
6093
6094
6095
6096
6098
6102
6104
6111
6115
6116
6117
6118
6119
6120
6122
6123
6124
6125
6126
6127
6128
6130
6131
6132
6133
6135
6137
6140
6142
6144
6145
6146
6148
6154
6156
6158
6159
6160
6162
6163
6164
6165
6166
6167
6168
6169
6170
6174
6175
6177
6182
6183
6184
6185
6193
6194
6195
6197
6200
6203
6226
6231
6234
6266
6375
6376
6377
6378
6379
6380
6381
6382
6383
6384
6385
6386
6393
6394
6395
6397
6399
6401
6402
6407
6408
6409
6413
6415
6418
6419
6420
6421
6423
6424
6426
6427
6428
6429
6430
6431
6432
6433
6435
6436
6438
6439
6440
6442
6445
6446
6447
6449
6454
6455
6456
6457
6459
6461
6462
6463
6465
6466
6468
6469
6470
6471
6475
6476
6478
6482
6483
6491
6493
6495
6497
6498
6499
6501
6502
6503
6504
6543
6554
6676
6677
6678
6679
6680
6681
6682
6683
6684
6685
6687
6694
6695
6696
6697
6698
6699
6700
6701
6702
6706
6717
6718
6719
6720
6722
6723
6724
6726
6727
6728
6729
6730
6731
6732
6733
6734
6736
6737
6738
6740
6742
6745
6746
6748
6750
6751
6755
6756
6757
6758
6759
6760
6764
6765
6766
6767
6768
6769
6770
6773
6775
6776
6777
6780
6783
6785
6787
6791
6796
6803
6833
6837
6854
6977
6978
6979
6980
6981
6983
6984
6986
6987
6988
6996
6997
6998
7003
7005
7006
7009
7012
7014
7017
7018
7021
7023
7024
7025
7026
7027
7028
7029
7030
7031
7032
7033
7034
7035
7036
7037
7038
7039
7040
7041
7042
7044
7046
7047
7048
7049
7051
7054
7056
7057
7059
7060
7061
7064
7065
7066
7067
7069
7070
7071
7072
7073
7074
7075
7076
7077
7078
7080
7081
7082
7086
7087
7088
7090
7091
7104
7119
7129
7138
7147
7278
7280
7281
7282
7283
7284
7285
7286
7287
7288
7296
7297
7298
7299
7300
7302
7303
7305
7306
7307
7308
7311
7317
7319
7321
7322
7323
7324
7325
7326
7327
7328
7329
7330
7331
7332
7333
7334
7335
7336
7337
7340
7341
7342
7343
7344
7347
7348
7350
7351
7352
7353
7357
7358
7359
7360
7361
7365
7366
7367
7368
7371
7372
7373
7374
7376
7379
7380
7382
7383
7388
7389
7390
7394
7397
7398
7399
7400
7401
7402
7404
7405
7406
7407
7428
7433
7438
7445
7450
7454
7462
7579
7580
7581
7582
7583
7584
7585
7587
7588
7589
7598
7599
7600
7602
7604
7606
7607
7608
7609
7610
7612
7615
7621
7624
7625
7626
7627
7628
7629
7630
7631
7632
7633
7634
7635
7636
7637
7638
7639
7641
7642
7643
7644
7646
7648
7654
7655
7658
7660
7661
7663
7664
7665
7666
7667
7669
7670
7671
7672
7673
7674
7675
7678
7679
7680
7681
7684
7685
7686
7687
7688
7689
7691
7692
7693
7697
7698
7701
7702
7703
7706
7707
7740
7752
7880
7881
7882
7883
7884
7885
7886
7887
7888
7889
7890
7898
7899
7903
7905
7908
7909
7911
7918
7919
7920
7922
7923
7924
7925
7926
7927
7928
7929
7930
7931
7932
7933
7934
7935
7936
7937
7938
7939
7940
7941
7942
7943
7944
7945
7947
7950
7951
7952
7954
7955
7956
7960
7961
7962
7963
7964
7965
7966
7967
7968
7969
7970
7971
7972
7973
7974
7978
7979
7980
7982
7986
7988
7989
7990
7994
8002
8007
8008
8009
8033
8045
8046
8181
8182
8184
8185
8186
8187
8188
8189
8190
8191
8199
8200
8201
8202
8203
8210
8212
8214
8219
8221
8222
8225
8226
8227
8228
8229
8230
8232
8233
8234
8235
8236
8237
8238
8239
8240
8241
8242
8243
8244
8245
8249
8251
8252
8253
8254
8256
8258
8259
8261
8263
8265
8267
8268
8269
8270
8271
8272
8273
8274
8275
8279
8280
8281
8282
8283
8284
8288
8291
8295
8301
8304
8308
8310
8334
8336
8341
8344
8346
8482
8483
8484
8485
8486
8488
8489
8490
8491
8492
8493
8500
8501
8502
8503
8504
8506
8507
8508
8511
8518
8520
8521
8522
8524
8527
8528
8529
8530
8531
8532
8534
8535
8536
8537
8538
8539
8540
8541
8542
8543
8544
8545
8546
8551
8553
8554
8560
8561
8563
8565
8566
8567
8569
8570
8571
8572
8575
8576
8578
8579
8580
8582
8583
8587
8592
8593
8594
8597
8601
8602
8603
8607
8609
8611
8637
8646
8653
8782
8783
8784
8785
8786
8787
8788
8789
8791
8801
8802
8803
8805
8807
8809
8810
8812
8815
8816
8817
8819
8823
8824
8826
8827
8828
8829
8831
8832
8836
8838
8839
8840
8841
8842
8844
8845
8846
8847
8848
8849
8850
8852
8854
8862
8863
8864
8865
8866
8867
8869
8870
8871
8872
8873
8874
8875
8876
8877
8879
8880
8882
8883
8884
8886
8889
8890
8892
8895
8897
8902
8903
8906
8909
8910
8932
8940
8944
9084
9085
9087
9088
9090
9091
9092
9093
9094
9095
9102
9103
9104
9105
9107
9108
9109
9110
9115
9118
9119
9123
9126
9128
9129
9131
9132
9133
9134
9135
9136
9137
9138
9139
9141
9142
9143
9144
9145
9146
9147
9148
9149
9152
9153
9155
9157
9158
9159
9160
9163
9164
9165
9167
9168
9170
9172
9173
9176
9178
9179
9183
9184
9186
9187
9197
9204
9211
9234
9241
9246
9248
9249
9252
9253
9384
9385
9386
9387
9388
9389
9390
9391
9392
9393
9394
9395
9403
9404
9405
9406
9408
9412
9415
9416
9417
9422
9424
9426
9429
9430
9431
9432
9434
9435
9436
9437
9438
9439
9440
9441
9442
9443
9444
9445
9446
9447
9448
9449
9450
9451
9453
9464
9466
9467
9468
9469
9471
9472
9473
9474
9475
9476
9477
9478
9479
9480
9484
9485
9486
9487
9490
9496
9497
9499
9504
9505
9506
9508
9510
9514
9527
9539
9545
9552
9561
1074
1678
1979
2283
2583
46
6686
3188
4396
4697
4999
5000
5303
85
4398
5902
3125
7106
7408
7409
8010
8311
8915
 