9381
29
51
62
68
70
72
74
75
76
326
357
358
362
363
366
368
372
373
376
377
378
379
380
656
660
664
666
667
669
672
674
676
677
678
680
681
682
684
704
705
753
757
932
961
965
975
977
983
984
986
987
999
1006
1010
1013
1058
1263
1264
1266
1270
1272
1274
1278
1279
1280
1281
1282
1284
1289
1315
1544
1550
1557
1560
1561
1564
1565
1566
1572
1582
1583
1584
1586
1588
1590
1608
1614
1867
1874
1875
1876
1877
1878
1879
1880
1881
1883
1885
1887
1888
1890
1892
1918
1919
1926
2149
2170
2174
2175
2177
2178
2180
2182
2186
2189
2191
2192
2193
2220
2452
2461
2467
2471
2472
2476
2478
2479
2481
2484
2485
2486
2494
2499
2521
2530
2760
2770
2773
2774
2777
2784
2787
2788
2789
2790
2791
2793
2794
2796
2797
2803
2816
2823
2845
2868
3025
3060
3073
3074
3075
3077
3082
3084
3088
3089
3092
3101
3103
3369
3376
3377
3378
3379
3385
3386
3387
3388
3389
3390
3392
3393
3394
3395
3398
3399
3419
3429
3471
3475
3669
3679
3680
3685
3687
3688
3689
3691
3692
3693
3694
3695
3696
3700
3702
3704
3727
3728
3781
3932
3977
3978
3982
3983
3985
3988
3991
3994
3997
3998
3999
4001
4002
4003
4004
4005
4007
4275
4283
4284
4287
4291
4293
4294
4295
4296
4298
4299
4301
4302
4303
4304
4305
4307
4330
4335
4375
4377
4386
4553
4557
4576
4585
4588
4590
4592
4595
4597
4599
4601
4605
4606
4607
4608
4629
4637
4886
4892
4894
4895
4896
4900
4902
4905
4908
4909
4910
4913
4933
4936
4938
4943
4956
4960
5152
5182
5188
5195
5196
5200
5202
5203
5206
5207
5208
5209
5210
5211
5212
5479
5484
5486
5488
5489
5499
5500
5503
5505
5508
5509
5510
5514
5533
5540
5786
5787
5790
5791
5792
5793
5795
5797
5798
5799
5800
5801
5802
5804
5805
5806
5807
5808
5810
5815
5841
6079
6086
6090
6091
6092
6100
6101
6103
6105
6106
6107
6108
6109
6110
6113
6114
6129
6201
6361
6388
6389
6391
6392
6396
6400
6403
6404
6405
6406
6411
6416
6425
6434
6443
6444
6448
6485
6692
6693
6704
6705
6707
6710
6711
6713
6714
6716
6725
6744
6786
6982
6993
6994
7000
7001
7002
7004
7007
7010
7011
7015
7020
7022
7043
7271
7301
7310
7313
7316
7318
7320
7338
7346
7595
7601
7603
7605
7611
7613
7614
7616
7617
7618
7619
7647
7651
7668
7897
7900
7906
7907
7912
7913
7914
7915
7916
7917
7946
8183
8198
8204
8205
8207
8208
8209
8211
8213
8215
8216
8217
8218
8223
8224
8472
8499
8509
8512
8513
8514
8515
8516
8517
8519
8526
8533
8568
8790
8799
8804
8806
8808
8811
8813
8814
8818
8821
8822
8825
8835
8837
8851
8894
9086
9089
9100
9106
9111
9112
9113
9114
9116
9117
9120
9121
9122
9177
9195
9402
9407
9410
9411
9413
9414
9418
9419
9420
9421
9423
9425
9427
9433
9494
9495
11
3428
14
17
22
33
79
3723
106
1314
1889
1900
2221
2495
2520
2802
2818
3097
3100
3122
3396
3400
3705
3713
3729
4010
4024
4319
4339
5512
6112
6121
6136
6412
6441
7016
7620
7921
8220
8250
8547
8548
8820
9125
111
1923
2225
2826
2829
3128
3131
3433
3434
3732
4034
4336
4640
7050
7652
7953
8555
8556
8856
9455
9489
118
125
422
430
432
1327
1632
1652
1934
2837
2841
3141
3442
4353
4646
5253
5554
5858
6161
6763
6778
7959
8264
8564
9512
136
1034
1344
1646
1950
3760
4652
4964
5268
5870
6171
6173
6472
7363
7676
7977
8278
8881
9181
9182
148
149
450
751
752
1054
1355
1356
1658
1659
1960
2261
2563
2866
2867
3469
3470
3772
4073
4074
4981
5282
6484
6486
7991
8290
9192
9193
169
471
587
775
1076
1377
1378
1680
1682
1982
3189
3190
3490
3792
3794
4097
4399
4419
4698
4704
4746
5002
5003
5301
5304
5306
5903
5907
6204
6206
6505
6506
6507
6806
6832
7108
7709
8313
8615
8913
9214
9219
170
188
195
274
1688
2294
3815
4816
5026
5621
6531
7117
8015
197
233
238
248
249
296
530
541
542
556
774
828
843
846
881
1088
1130
1151
1156
1180
1387
1393
1427
1437
1459
1716
1730
1749
1755
1758
1759
1762
1794
1809
1992
2006
2027
2028
2033
2041
2092
2094
2293
2329
2333
2336
2341
2351
2358
2366
2369
2372
2401
2403
2615
2648
2652
2658
2660
2666
2672
2699
2892
2894
2918
2943
2949
2951
2955
3199
3245
3257
3267
3269
3311
3568
3576
3623
3798
3807
3850
3864
3870
3880
4114
4116
4166
4171
4174
4178
4179
4402
4406
4424
4457
4458
4462
4468
4477
4484
4514
4527
4699
4715
4728
4751
4752
4757
4759
4769
4772
4774
4780
5018
5021
5067
5068
5075
5078
5110
5113
5128
5308
5354
5355
5372
5426
5646
5659
5661
5671
5673
5675
5688
5953
5965
5966
5973
6218
6224
6258
6262
6287
6512
6562
6566
6580
6595
6615
6617
6624
6626
6814
6855
6867
6870
6875
6876
6888
6892
6913
6927
7155
7165
7172
7176
7178
7191
7193
7219
7469
7470
7479
7710
7762
7765
7769
7772
7777
7778
7786
8034
8036
8066
8073
8085
8088
8089
8127
8130
8320
8358
8363
8365
8367
8374
8381
8436
8672
8677
8683
8685
8691
8720
8978
8985
8986
8994
9033
9265
9267
9272
9338
9522
9534
9589
9629
205
224
239
265
281
507
588
782
820
1075
1194
1395
1741
2074
2077
2102
2386
2585
2702
3009
3011
3233
3491
3570
3612
3621
3797
3804
3865
4105
4198
4214
4217
4397
4433
4505
4519
4521
4716
4798
4819
5302
5305
5401
5683
5712
5955
6205
6240
6322
6547
6620
6922
7131
7221
7228
7417
7483
7713
8355
8385
8612
8717
8726
8733
9041
9312
9329
9632
285
602
1492
2099
2399
3914
4827
5131
5716
6031
6336
7234
7538
8426
8732
9322
9627
9645
298
299
2711
5728
300
892
902
1205
2108
2409
2709
3912
3921
5725
6936
6938
7230
7533
7537
8437
8740
9044
315
322
333
9055
335
418
1660
2748
3357
3643
3658
3971
5166
5189
5273
5763
7578
7872
7877
8473
9196
408
414
437
89
104
119
406
417
425
426
719
725
949
1000
1021
1035
1323
1324
1325
1326
1334
1337
1339
1625
1626
1633
1634
1637
1645
1675
1927
1937
1939
1940
1947
1954
2196
2229
2230
2231
2240
2247
2531
2532
2544
2551
2834
2835
2840
2853
2856
3135
3137
3145
3146
3149
3151
3159
3403
3423
3437
3438
3444
3445
3446
3448
3449
3453
3740
3741
3742
3747
3749
4041
4042
4047
4053
4054
4057
4345
4348
4355
4356
4358
4360
4368
4609
4645
4647
4665
4915
4947
4949
4955
4957
4973
5234
5248
5259
5515
5518
5550
5558
5559
5562
5565
5824
5838
5839
5840
5851
5852
5862
6151
6153
6155
6422
6452
6458
6460
6467
6477
6721
6753
6754
6761
6762
6771
6772
7019
7053
7055
7062
7063
7068
7354
7362
7364
7369
7370
7377
7387
7656
7657
7659
7677
7957
7958
7975
7976
7992
8246
8257
8260
8266
8510
8558
8559
8562
8573
8574
8577
8853
8859
8860
8861
8868
8878
9127
9140
9150
9161
9162
9166
9171
9174
9185
9461
9462
9463
9465
9481
458
2873
515
551
854
886
5679
8370
9296
552
1129
9551
567
266
870
1169
1172
1192
1460
2072
2073
2370
2377
2981
2990
3282
3284
3582
3590
3591
3594
3872
4486
4495
5090
5095
5099
5101
5103
5404
5698
5996
6307
6598
6605
6902
7204
7801
8403
8413
8703
8998
9003
9307
9310
9311
9606
9614
577
247
1422
5050
596
269
1508
2412
2705
2716
6335
7237
9332
599
2406
4215
7484
7534
606
607
612
615
616
631
638
700
712
714
724
428
1929
8605
738
2561
2582
5569
5570
754
8292
762
156
161
460
462
766
1062
1065
1066
1361
1368
1664
1665
1963
1970
2265
2270
2566
2576
2577
2878
3172
3178
3783
3785
4086
4378
4387
4388
4663
4688
4992
5283
5287
5293
5294
5594
5595
5893
6196
6496
6794
6797
6798
6799
7096
7098
7099
7100
7695
7699
7700
7998
8293
8302
8303
8604
8904
8905
9203
9205
9206
9503
815
1098
1452
2007
2628
3264
3853
4176
5649
5694
6228
7163
7757
7787
9240
9558
832
216
257
1434
1761
2048
2315
2618
2651
2685
3227
3265
3565
4135
4158
4414
4455
5353
5399
5406
5669
5940
5947
6284
6537
6844
6859
7170
7448
7476
7481
7487
7792
7810
8353
8643
8954
885
1126
1486
1795
2367
2676
3611
3901
3913
4221
4526
5408
6317
6319
6527
7160
7213
7233
8422
8424
8707
9325
915
1224
1227
1845
2432
2862
3638
3661
3959
4242
4282
6054
6340
6802
7266
7558
7562
7640
9063
926
2812
4618
954
972
988
1018
1921
2558
3432
3735
4639
5243
5581
5845
7649
8294
8552
8591
9154
1056
1093
1392
2287
3215
3809
4717
5309
5327
6818
6826
7725
7736
9227
1108
1173
578
1783
1804
2935
2978
7503
7805
1174
178
183
190
482
789
807
880
1077
1087
1090
1693
1719
2302
2304
2602
2893
2896
2898
2899
2988
3208
3501
3502
3595
4102
4410
4492
4705
4712
4719
4808
5017
5318
5320
5609
5615
5619
5919
6222
6514
6519
6819
6916
7420
7422
7429
7716
7719
8018
8020
8025
8029
8104
8324
8325
8326
8335
8624
8713
8925
8931
9229
9316
1190
2694
2999
4205
4818
5709
7529
7532
9020
9337
9631
1201
5427
9009
1203
180
287
809
1086
1684
2606
3895
5348
6528
6932
7756
7782
8617
8916
8918
8921
9017
9565
1223
1256
1276
2176
3096
3684
3993
4288
4290
4904
6708
7901
1287
1318
110
8858
1345
147
739
1951
2250
2854
3761
5269
6474
8277
9007
1398
1993
4112
4711
1429
1168
2308
3243
3493
4413
8322
1458
5091
8398
9291
1475
1495
185
192
498
779
783
796
1080
1379
1388
1683
1983
2071
2286
2299
2594
2597
2599
2603
2610
2888
2912
2913
2917
3004
3007
3200
3214
3225
3499
3500
3512
3519
3526
3818
3823
3824
4095
4110
4126
4129
4212
4400
4403
4408
4412
4417
4700
4706
4710
4725
4726
4806
5006
5022
5030
5043
5047
5307
5310
5317
5337
5608
5631
5936
6025
6212
6219
6220
6230
6232
6513
6517
6523
6540
6541
6809
6810
6834
6835
7116
7121
7135
7194
7421
7435
7437
7714
8038
8044
8062
8323
8337
8340
8342
8640
8648
8914
8927
8936
9221
9524
9530
9541
1529
1546
0
1
2
3
4
5
6
7
8
9
10
12
13
15
16
18
19
21
23
24
25
26
27
28
30
31
32
34
35
36
37
50
52
53
54
55
73
113
302
303
304
305
306
307
308
309
310
311
312
313
314
316
317
318
319
320
321
323
324
325
327
328
329
330
331
332
334
336
337
338
339
352
353
354
355
356
375
384
385
388
401
415
416
604
605
608
609
610
611
613
614
617
618
619
620
621
622
623
624
625
626
627
628
629
630
632
633
634
635
636
637
639
640
641
654
655
657
658
659
717
718
744
906
907
908
909
910
911
912
913
914
916
917
918
919
920
921
922
923
924
925
927
928
929
930
931
933
934
935
936
937
938
939
940
941
942
943
956
957
958
959
960
962
1019
1020
1208
1209
1210
1212
1213
1214
1215
1217
1218
1219
1220
1221
1222
1225
1226
1228
1229
1230
1231
1232
1233
1234
1235
1237
1238
1239
1240
1241
1242
1244
1245
1258
1260
1261
1262
1286
1510
1511
1512
1513
1514
1515
1516
1517
1518
1519
1520
1521
1522
1523
1524
1525
1526
1527
1528
1530
1531
1532
1533
1534
1535
1536
1537
1538
1539
1540
1541
1542
1543
1545
1547
1563
1589
1594
1623
1647
1812
1813
1815
1817
1818
1819
1820
1821
1822
1824
1825
1826
1829
1830
1831
1832
1833
1834
1835
1836
1838
1839
1840
1841
1842
1843
1844
1846
1847
1848
1849
1862
1863
1864
1865
1866
1868
1925
1948
1949
2114
2115
2116
2117
2118
2119
2120
2121
2122
2123
2124
2125
2126
2127
2128
2129
2130
2131
2132
2133
2134
2135
2136
2137
2138
2139
2140
2141
2142
2144
2145
2146
2147
2150
2151
2164
2165
2166
2167
2168
2169
2185
2195
2203
2227
2228
2416
2417
2418
2420
2422
2423
2424
2425
2426
2427
2428
2429
2430
2431
2433
2434
2435
2436
2437
2438
2439
2441
2442
2443
2444
2446
2447
2449
2450
2451
2453
2466
2468
2469
2470
2490
2497
2564
2718
2719
2720
2722
2723
2726
2727
2728
2729
2730
2732
2733
2734
2736
2737
2738
2739
2740
2741
2742
2743
2745
2746
2747
2749
2750
2751
2752
2753
2754
2755
2768
2769
2771
2831
2832
2833
3020
3021
3022
3023
3024
3026
3028
3029
3030
3031
3032
3033
3034
3035
3036
3037
3038
3039
3040
3041
3042
3043
3044
3045
3046
3047
3048
3049
3051
3052
3053
3054
3055
3056
3057
3069
3070
3072
3076
3079
3093
3098
3133
3134
3322
3323
3324
3325
3326
3327
3328
3329
3330
3331
3334
3336
3337
3338
3339
3340
3341
3342
3343
3344
3345
3346
3347
3349
3350
3351
3352
3354
3355
3358
3359
3372
3373
3374
3375
3405
3406
3409
3435
3436
3457
3458
3624
3625
3627
3628
3629
3630
3631
3632
3633
3634
3635
3636
3637
3639
3641
3642
3646
3647
3648
3649
3652
3654
3655
3657
3660
3674
3675
3676
3677
3678
3701
3710
3791
3926
3927
3928
3930
3931
3933
3934
3935
3936
3937
3938
3939
3940
3941
3942
3944
3945
3946
3947
3948
3949
3950
3951
3952
3953
3955
3956
3957
3958
3961
3962
3963
3976
3979
3980
3981
4020
4039
4062
4228
4229
4230
4231
4232
4233
4235
4236
4237
4238
4239
4240
4241
4243
4244
4245
4247
4248
4249
4250
4251
4252
4253
4254
4255
4256
4257
4258
4260
4261
4262
4263
4265
4278
4279
4280
4281
4297
4306
4343
4344
4530
4531
4532
4533
4534
4535
4537
4539
4541
4544
4545
4547
4548
4549
4550
4551
4552
4554
4555
4556
4558
4559
4560
4561
4563
4564
4565
4566
4567
4571
4580
4581
4582
4583
4584
4586
4594
4604
4614
4643
4653
4666
4832
4833
4834
4835
4836
4837
4838
4839
4840
4841
4842
4843
4844
4845
4846
4848
4849
4850
4851
4852
4853
4854
4855
4856
4857
4858
4859
4860
4861
4862
4863
4864
4865
4868
4869
4881
4882
4883
4884
4885
4887
4948
4968
4970
4979
5133
5135
5136
5137
5138
5139
5140
5141
5142
5143
5144
5145
5147
5149
5150
5151
5153
5154
5156
5158
5159
5160
5161
5162
5163
5164
5167
5168
5169
5170
5183
5184
5185
5186
5187
5192
5214
5216
5245
5272
5434
5435
5436
5437
5438
5439
5440
5441
5442
5443
5444
5445
5446
5448
5449
5450
5451
5452
5453
5454
5456
5457
5458
5459
5460
5461
5462
5464
5465
5466
5468
5470
5471
5485
5487
5490
5496
5548
5571
5578
5735
5736
5737
5738
5740
5741
5742
5743
5745
5746
5747
5748
5749
5750
5751
5752
5753
5755
5756
5757
5758
5761
5765
5766
5767
5768
5769
5770
5771
5772
5778
5785
5788
5789
5812
5816
5817
5820
5850
5874
6036
6037
6038
6040
6042
6043
6044
6045
6046
6047
6048
6049
6050
6051
6052
6053
6055
6056
6057
6058
6059
6060
6061
6062
6063
6064
6065
6066
6067
6068
6069
6070
6071
6072
6073
6087
6089
6099
6139
6152
6172
6337
6338
6339
6341
6343
6345
6346
6347
6348
6349
6350
6351
6352
6353
6354
6355
6356
6357
6358
6359
6360
6362
6363
6367
6368
6369
6370
6371
6372
6373
6374
6387
6390
6398
6414
6453
6479
6638
6639
6640
6641
6642
6643
6644
6645
6646
6647
6648
6649
6650
6651
6652
6653
6655
6658
6659
6660
6661
6662
6663
6664
6665
6666
6667
6669
6670
6671
6672
6673
6675
6688
6689
6690
6691
6703
6735
6739
6752
6939
6940
6941
6943
6944
6945
6947
6948
6949
6950
6951
6952
6953
6954
6955
6956
6957
6958
6959
6960
6961
6962
6963
6964
6965
6966
6967
6969
6970
6971
6972
6973
6974
6975
6976
6989
6990
6991
6992
6995
7240
7241
7242
7243
7244
7245
7246
7247
7248
7249
7250
7251
7252
7254
7256
7257
7259
7260
7261
7262
7263
7264
7265
7268
7269
7272
7273
7274
7275
7276
7277
7289
7290
7291
7292
7293
7294
7295
7355
7356
7375
7541
7542
7543
7544
7545
7546
7547
7548
7549
7550
7551
7553
7554
7555
7556
7557
7559
7560
7561
7563
7564
7565
7566
7568
7569
7570
7571
7572
7573
7574
7575
7577
7590
7591
7593
7594
7596
7597
7622
7623
7653
7690
7705
7842
7843
7844
7845
7846
7848
7849
7850
7851
7852
7853
7854
7856
7858
7859
7860
7861
7862
7863
7864
7865
7866
7867
7868
7869
7870
7871
7873
7874
7875
7876
7879
7892
7893
7894
7895
7896
7902
7981
8143
8144
8145
8146
8147
8148
8149
8150
8151
8152
8154
8155
8156
8157
8158
8159
8161
8162
8163
8164
8166
8167
8168
8169
8170
8171
8173
8174
8176
8177
8178
8179
8180
8192
8193
8194
8195
8196
8197
8231
8444
8445
8446
8447
8449
8450
8451
8452
8453
8454
8455
8456
8457
8458
8459
8460
8461
8462
8463
8464
8465
8466
8467
8469
8470
8471
8474
8475
8476
8477
8478
8479
8480
8481
8494
8495
8496
8497
8498
8525
8745
8746
8747
8748
8749
8751
8752
8753
8754
8755
8757
8758
8759
8760
8762
8763
8764
8765
8766
8767
8768
8769
8770
8771
8772
8773
8774
8775
8776
8777
8778
8779
8780
8781
8793
8794
8795
8796
8797
8798
8800
8843
8857
9046
9047
9048
9049
9050
9051
9052
9053
9054
9056
9057
9058
9059
9060
9061
9062
9064
9065
9066
9068
9069
9070
9071
9072
9073
9074
9075
9076
9077
9078
9079
9080
9081
9082
9083
9096
9098
9099
9101
9175
9189
9207
9347
9349
9350
9351
9352
9353
9354
9355
9357
9358
9360
9361
9362
9363
9364
9365
9366
9367
9368
9369
9370
9371
9372
9373
9374
9375
9376
9377
9378
9379
9380
9382
9383
9396
9397
9398
9399
9400
9401
9459
9482
1618
1624
1690
1707
4443
7718
7721
7728
9315
1711
137
3738
6189
1786
1787
3010
4826
7536
1814
8830
1828
9097
1837
1920
410
4940
5241
5843
1924
3132
4038
4340
4944
9458
1999
141
143
144
444
445
446
447
448
741
745
746
747
748
749
1047
1048
1049
1052
1347
1350
1351
1352
1353
1354
1373
1375
1653
1654
1655
1955
1956
1958
1959
2256
2257
2259
2260
2281
2556
2559
2562
2859
2860
2861
2865
3157
3161
3162
3163
3164
3165
3166
3167
3464
3468
3765
3766
3767
3768
4068
4070
4364
4367
4369
4371
4372
4373
4562
4672
4673
4674
4675
4974
5275
5276
5280
5300
5577
5579
5876
5877
5879
5881
5882
6176
6178
6179
6180
6181
6473
6480
6481
6774
6779
6781
6782
6784
6804
7079
7083
7084
7105
7381
7386
7682
7683
7983
7984
7985
8285
8287
8289
8309
8581
8584
8585
8586
8588
8589
8590
8833
8885
8887
8888
8891
9188
9190
9191
9212
9483
9488
9491
9493
9513
2029
181
2088
2143
2148
2263
405
449
707
709
1002
1011
1064
1310
1349
1961
2218
2236
2251
2810
2817
3127
3467
3769
4032
4071
4334
4627
4932
4946
5237
5239
5247
5849
6134
6138
6143
6437
6741
7058
7339
7345
7645
7662
7948
7987
8003
8248
8262
8286
8550
8834
9452
2282
2413
2419
2421
4246
8741
2440
2445
2560
2568
4075
4679
5601
9194
2608
2708
1483
1774
2090
3863
5124
7504
7812
8091
9012
2717
2721
2724
2731
2504
2744
2792
2824
3019
3014
3050
403
3112
3129
7650
8855
9457
3139
3248
187
2035
2363
3545
5663
6872
3297
1186
4501
4823
3299
3312
1810
3616
6931
3333
3335
1053
2448
3348
3353
3356
1827
3492
2578
2869
4755
3511
3541
237
2317
4117
5322
3599
3626
3640
3644
3650
3651
3653
7891
3656
3659
3686
3708
3739
115
720
3929
469
3943
3954
3332
3960
1243
3989
4013
4015
57
66
4197
2679
6602
9287
4234
7586
4259
4264
4395
1032
2492
4401
5624
4439
4742
6544
7452
7731
8354
9257
4440
4528
2398
4536
4538
4540
4542
4546
4603
955
4634
1615
4638
1591
4648
116
117
5853
4724
166
3488
4785
4824
1498
4847
4867
4866
4875
4942
4967
4061
4984
150
4677
5880
7085
9492
5122
3015
5134
5146
5148
5155
5157
3291
6365
7013
5165
99
5198
5240
1028
1040
5407
1502
1798
4529
5447
5455
5463
6085
8175
8792
5467
5469
5541
409
6149
5555
130
5686
5739
5754
2725
5759
730
5762
6157
6039
6041
56
6147
6150
6246
6311
282
1789
6009
6318
5990
6289
6331
2704
7225
6342
6344
6364
6366
6985
6451
128
721
1668
6464
1928
6654
6656
6657
1823
6668
5744
6747
6749
6828
1096
6850
6930
6942
6946
3645
6968
4543
7008
1216
7045
7210
7253
7255
7258
5760
7267
1604
7270
7279
7309
7312
69
364
7349
129
7378
138
139
3773
7384
419
443
459
1342
1362
1656
2266
2268
2565
3177
3478
3812
4384
4988
5588
5889
6187
6492
6792
7097
7395
7396
8297
8896
8900
9201
9501
7385
7552
4325
7567
7576
7847
7855
7857
7878
5764
7904
6999
7949
7052
8028
172
175
177
182
184
472
473
479
480
481
484
486
784
791
1078
1079
1083
1084
1389
1391
1679
1691
1692
1694
1697
1981
1989
1991
1998
2285
2288
2290
2291
2296
2584
2587
2589
2592
2593
2887
2895
2897
3191
3192
3195
3198
3202
3494
3498
3503
3507
3513
3795
3803
3806
3810
4100
4101
4109
4113
4404
4411
4701
4703
5004
5008
5009
5010
5011
5012
5316
5603
5606
5607
5610
5612
5613
5617
5618
5904
5909
5913
5914
5915
5918
5923
6007
6209
6213
6214
6216
6508
6515
6524
6807
6815
7112
7120
7124
7415
7418
7722
7726
8019
8022
8312
8316
8321
8614
8619
8625
8636
8919
8922
8930
9224
9226
9231
9232
9515
9516
9517
9525
9529
8032
8087
2064
8124
8140
3923
8153
8160
8165
8172
8255
3737
5847
8395
244
290
517
575
580
824
895
1134
1431
1433
1509
1750
2038
2330
2371
2385
2635
2688
2996
3292
3555
3862
3916
3920
4199
4745
5416
5432
5714
6325
6327
6559
6627
6908
6928
7458
7477
7480
7508
7759
7841
8058
8067
8117
8400
8714
8735
9035
9261
9622
8441
1802
8442
283
291
293
574
585
591
593
598
601
874
876
893
894
896
897
898
903
1170
1177
1178
1179
1181
1196
1200
1206
1207
1413
1481
1496
1503
1505
1506
1507
1753
1780
1782
1799
1807
2079
2081
2082
2098
2100
2101
2103
2110
2112
2383
2397
2400
2405
2408
2411
2414
2415
2682
2687
2689
2690
2692
2703
2712
2714
2965
2991
2994
3003
3008
3012
3013
3016
3017
3234
3290
3304
3313
3314
3315
3316
3317
3318
3320
3592
3610
3613
3617
3618
3622
3888
3892
3909
3910
3911
3924
4200
4202
4204
4210
4211
4213
4223
4224
4225
4227
4498
4513
4515
4518
4523
4524
4792
4797
4802
4812
4815
4828
4831
5115
5117
5119
5127
5132
5341
5344
5402
5422
5428
5429
5431
5433
5700
5717
5719
5720
5722
5723
5729
5730
5732
5733
5958
6006
6026
6027
6028
6033
6034
6035
6251
6306
6321
6328
6329
6334
6601
6631
6634
6635
6636
6637
6904
6925
6926
6934
7211
7222
7229
7231
7235
7236
7513
7525
7526
7530
7531
7535
7539
7807
7809
7815
7826
7829
7830
7831
7832
7834
7835
7837
7838
7839
7840
8097
8103
8107
8112
8116
8120
8125
8129
8133
8135
8136
8139
8141
8417
8429
8431
8438
8440
8654
8706
8708
8729
8734
8736
8737
8739
8742
8743
9011
9016
9029
9031
9038
9039
9043
9045
9318
9328
9334
9336
9339
9342
9344
9345
9619
9620
9634
9636
9638
9642
9643
9644
9646
9647
8448
8468
4888
8487
4574
8505
8633
8692
81
374
407
978
1313
2806
3086
3095
3391
3996
4000
4093
4333
4635
4636
4937
5222
5501
5539
6097
6141
6410
6417
6709
6712
6715
6805
7304
7314
7315
7708
7910
8206
8247
8523
8549
9124
9213
9428
8724
270
8750
8756
8761
1816
8893
8899
1965
2872
8912
164
465
466
768
1068
1211
1370
1371
1372
1672
1673
1674
1974
1975
1976
2276
2277
2278
2579
2580
2735
2882
3183
3184
3484
3485
3486
3786
3787
3788
4089
4390
4391
4392
4692
4694
4995
4996
5295
5297
5596
5597
5598
5897
5898
5899
6198
6199
6500
6800
6801
7101
7102
7103
7403
7704
8004
8005
8305
8306
8606
8907
8908
9208
9209
9509
8937
5023
8955
193
505
513
804
806
1109
1113
1122
1410
1705
1723
2021
2325
2340
2395
2614
2616
2649
2921
3224
3231
3527
3536
3829
4425
4451
4733
4737
5029
5037
5045
5639
5644
6237
6633
6830
6847
7137
7139
7150
7432
7446
7745
7755
8047
8332
8641
8651
8945
8946
9024
9250
9326
9639
8984
171
176
179
474
475
476
477
773
776
778
781
1085
1380
1383
1384
1386
1985
1987
2284
2307
2588
2590
2889
2890
3193
3196
3496
3497
3506
3533
3793
3796
3826
4096
4104
4405
4708
4709
5001
5005
5007
5020
5312
5604
5605
5908
5911
5916
5926
6207
6208
6210
6217
6241
6509
6511
6520
6808
6812
6813
6822
7109
7110
7111
7115
7123
7410
7411
7414
7712
8012
8013
8023
8030
8315
8317
8319
8613
8616
8618
8620
8621
8622
8623
8920
8962
9215
9216
9217
9218
9220
9222
9235
9518
9520
9023
582
9067
1912
9130
9151
6743
9156
3430
9169
1041
1055
1946
9180
9348
9356
9359
9409
7592
9454
413
9456
9460
3697
4040
9470
20
9537
493
8934
9293
9548
9557
9637
4511
5108
267
1785
2680
2987
3597
4503
6594
6600
7811
9308
905
152
154
223
226
228
229
230
232
234
235
240
241
242
243
246
250
251
253
256
258
259
260
261
263
452
453
454
522
524
525
526
527
528
531
532
533
535
537
540
543
554
559
560
561
564
565
592
755
756
758
822
825
826
831
833
834
836
838
839
842
845
851
853
856
857
858
861
862
866
869
1057
1061
1111
1132
1133
1136
1143
1144
1145
1146
1148
1149
1152
1154
1158
1159
1162
1163
1164
1165
1166
1167
1183
1359
1360
1404
1432
1436
1438
1440
1442
1443
1444
1446
1447
1449
1450
1451
1454
1457
1463
1464
1467
1469
1472
1473
1661
1662
1666
1726
1733
1734
1735
1736
1739
1742
1743
1746
1747
1748
1751
1752
1756
1763
1764
1767
1770
1771
1777
1967
1968
1969
1972
2031
2032
2037
2040
2044
2045
2046
2050
2051
2052
2059
2065
2066
2068
2069
2070
2078
2083
2085
2105
2264
2269
2271
2272
2275
2331
2337
2339
2348
2349
2352
2354
2355
2356
2359
2365
2374
2375
2376
2394
2407
2567
2570
2573
2574
2636
2642
2643
2646
2647
2650
2653
2659
2663
2664
2667
2668
2673
2870
2871
2874
2876
2938
2939
2944
2947
2948
2950
2952
2953
2954
2957
2958
2961
2962
2963
2964
2966
2968
2974
2976
2977
2980
2983
2986
2989
3002
3006
3170
3173
3175
3242
3247
3250
3252
3253
3254
3255
3261
3262
3263
3273
3276
3277
3278
3281
3283
3285
3472
3473
3479
3547
3548
3549
3550
3554
3556
3558
3562
3569
3572
3573
3577
3581
3583
3585
3588
3774
3779
3841
3842
3845
3847
3852
3859
3861
3866
3869
3871
3873
3874
3875
3876
3877
3878
3882
3883
3884
3890
3893
4077
4081
4143
4148
4150
4153
4155
4156
4160
4163
4165
4173
4181
4186
4189
4190
4193
4222
4385
4449
4452
4453
4454
4460
4461
4463
4469
4470
4472
4474
4475
4479
4480
4481
4482
4485
4487
4489
4490
4525
4680
4681
4682
4684
4754
4758
4763
4766
4773
4777
4781
4787
4788
4791
4822
4982
4989
4990
5055
5056
5062
5063
5065
5069
5070
5071
5073
5080
5081
5084
5086
5087
5088
5094
5102
5120
5125
5284
5289
5291
5338
5350
5356
5357
5358
5359
5360
5361
5363
5364
5368
5371
5374
5375
5376
5380
5382
5384
5385
5392
5395
5398
5419
5421
5584
5585
5586
5587
5589
5654
5655
5656
5657
5665
5672
5676
5681
5687
5689
5690
5692
5695
5697
5703
5708
5886
5887
5888
5951
5952
5957
5961
5962
5963
5964
5968
5969
5971
5978
5981
5982
5984
5985
5988
5989
5991
5993
5994
5995
5998
5999
6008
6186
6188
6190
6191
6256
6259
6264
6267
6268
6270
6277
6278
6282
6283
6285
6290
6293
6294
6295
6298
6299
6304
6487
6488
6494
6546
6553
6556
6558
6560
6564
6567
6569
6572
6575
6576
6577
6578
6579
6581
6586
6590
6591
6597
6608
6610
6614
6788
6793
6795
6836
6857
6860
6861
6863
6864
6866
6868
6869
6871
6874
6883
6886
6887
6890
6894
6895
6898
6899
6903
6912
7089
7092
7095
7156
7162
7164
7169
7175
7177
7184
7187
7189
7190
7192
7196
7200
7201
7203
7391
7392
7393
7464
7467
7468
7472
7473
7475
7478
7485
7491
7493
7494
7495
7499
7500
7501
7506
7528
7694
7696
7763
7764
7767
7768
7770
7771
7773
7776
7779
7780
7781
7789
7793
7795
7797
7802
7806
7808
7993
7997
7999
8065
8072
8074
8077
8080
8090
8094
8095
8098
8100
8108
8111
8137
8300
8357
8364
8368
8372
8373
8378
8382
8387
8391
8392
8394
8396
8402
8406
8414
8415
8427
8600
8639
8661
8667
8668
8669
8670
8673
8681
8688
8690
8697
8698
8701
8709
8731
8901
8964
8970
8971
8975
8976
8977
8980
8983
8992
8993
8995
8996
9000
9001
9002
9004
9005
9008
9014
9021
9040
9199
9200
9273
9274
9276
9277
9278
9280
9281
9283
9284
9285
9294
9298
9300
9301
9309
9341
9498
9500
9502
9562
9564
9571
9573
9574
9575
9577
9578
9579
9580
9582
9583
9585
9586
9587
9588
9590
9593
9594
9595
9602
9603
9604
9608
9609
9611
1176
9563
173
174
194
196
198
199
200
202
206
207
208
209
211
212
213
214
217
218
219
220
221
222
225
227
231
236
245
252
254
255
262
264
268
271
275
278
279
284
286
292
483
485
488
494
496
500
502
504
506
508
509
510
511
512
514
518
519
520
521
529
534
536
538
539
544
545
546
547
548
549
553
555
558
562
563
566
568
569
570
571
573
576
579
581
584
586
590
780
787
793
794
800
801
802
803
805
808
810
812
813
814
816
817
818
819
829
830
835
837
841
844
847
848
849
850
855
859
860
865
868
871
872
873
875
877
878
879
882
883
889
890
1091
1092
1094
1095
1099
1100
1102
1105
1107
1114
1116
1118
1119
1120
1121
1123
1124
1127
1128
1131
1135
1137
1138
1139
1140
1141
1142
1147
1150
1153
1155
1157
1160
1171
1175
1184
1185
1187
1188
1189
1191
1193
1195
1382
1402
1406
1409
1412
1415
1416
1421
1423
1425
1426
1428
1430
1435
1439
1441
1445
1448
1453
1456
1461
1462
1465
1466
1468
1470
1471
1474
1476
1477
1478
1479
1480
1482
1484
1485
1487
1489
1490
1493
1689
1695
1696
1698
1706
1708
1709
1710
1712
1713
1714
1717
1718
1720
1721
1722
1724
1725
1727
1728
1731
1732
1737
1740
1744
1745
1754
1757
1760
1765
1766
1768
1769
1773
1775
1776
1779
1781
1790
1791
1793
1796
1797
1990
1994
1995
1997
2001
2005
2009
2010
2011
2012
2013
2014
2018
2019
2022
2023
2024
2025
2026
2030
2036
2039
2042
2047
2049
2053
2054
2055
2056
2057
2058
2060
2061
2063
2067
2075
2076
2080
2084
2086
2087
2089
2095
2097
2292
2295
2297
2298
2303
2305
2311
2312
2313
2316
2318
2320
2321
2322
2323
2324
2328
2332
2334
2335
2338
2342
2343
2344
2345
2346
2350
2353
2357
2360
2361
2362
2368
2379
2380
2381
2382
2384
2387
2388
2389
2390
2392
2396
2404
2595
2598
2600
2601
2604
2605
2607
2613
2617
2620
2621
2622
2623
2624
2625
2626
2627
2630
2631
2632
2634
2637
2638
2639
2641
2644
2645
2654
2655
2656
2662
2665
2669
2670
2671
2674
2675
2677
2678
2681
2683
2686
2691
2697
2700
2701
2900
2904
2906
2919
2920
2922
2924
2926
2927
2928
2929
2930
2932
2933
2934
2936
2937
2940
2945
2946
2959
2960
2967
2969
2970
2971
2972
2973
2975
2982
2984
2985
2992
2997
2998
3000
3194
3201
3203
3205
3206
3218
3220
3221
3222
3223
3226
3228
3229
3230
3235
3236
3238
3239
3240
3241
3244
3246
3249
3251
3256
3258
3259
3260
3266
3268
3270
3271
3272
3274
3275
3279
3280
3286
3288
3289
3293
3294
3295
3296
3298
3301
3303
3306
3307
3495
3510
3514
3517
3520
3522
3523
3524
3528
3529
3530
3531
3532
3534
3535
3537
3538
3539
3540
3542
3543
3544
3546
3551
3552
3553
3557
3559
3560
3561
3563
3564
3566
3567
3571
3575
3578
3579
3580
3584
3586
3587
3589
3593
3596
3598
3605
3607
3811
3816
3819
3820
3821
3822
3827
3828
3830
3831
3832
3833
3834
3835
3836
3837
3838
3839
3840
3843
3844
3848
3849
3851
3854
3855
3856
3857
3858
3860
3867
3868
3879
3881
3885
3887
3889
3891
3894
3896
3897
3899
3903
3904
3905
3907
3908
4111
4115
4120
4122
4123
4124
4128
4130
4131
4132
4133
4134
4137
4140
4142
4144
4145
4146
4147
4149
4151
4152
4154
4157
4159
4161
4162
4164
4167
4169
4170
4172
4175
4177
4180
4182
4184
4185
4187
4188
4191
4192
4194
4195
4196
4201
4203
4206
4208
4218
4226
4415
4420
4421
4427
4428
4430
4431
4432
4434
4435
4436
4437
4438
4441
4442
4444
4446
4447
4448
4450
4456
4464
4465
4466
4467
4471
4473
4476
4478
4483
4488
4491
4493
4496
4497
4499
4500
4502
4504
4506
4507
4702
4718
4721
4727
4730
4731
4732
4734
4736
4738
4739
4740
4741
4744
4747
4748
4749
4750
4753
4756
4760
4761
4762
4764
4765
4767
4768
4770
4775
4776
4778
4779
4783
4784
4786
4789
4790
4793
4794
4795
4796
4799
4800
4801
4804
4809
4810
4820
5016
5024
5027
5028
5031
5033
5034
5036
5038
5039
5040
5041
5042
5046
5048
5049
5051
5052
5054
5057
5058
5059
5060
5061
5064
5066
5072
5074
5077
5079
5082
5083
5085
5089
5092
5093
5096
5097
5098
5100
5104
5105
5107
5111
5118
5311
5313
5321
5323
5324
5325
5328
5330
5331
5332
5335
5339
5340
5342
5346
5347
5349
5351
5352
5362
5365
5366
5367
5369
5370
5373
5377
5379
5381
5383
5386
5387
5388
5389
5390
5393
5394
5397
5400
5403
5405
5414
5415
5418
5611
5614
5616
5622
5623
5627
5628
5630
5632
5634
5637
5638
5642
5643
5645
5647
5650
5651
5652
5653
5658
5660
5662
5664
5666
5667
5670
5674
5677
5678
5680
5682
5684
5685
5691
5693
5696
5699
5701
5702
5704
5705
5706
5707
5710
5711
5713
5721
5731
5912
5917
5920
5921
5924
5925
5927
5928
5931
5932
5934
5935
5937
5938
5939
5941
5943
5946
5948
5949
5950
5954
5956
5959
5960
5967
5970
5972
5974
5975
5976
5977
5979
5980
5986
5987
5992
5997
6000
6001
6002
6003
6005
6010
6011
6012
6015
6016
6019
6021
6215
6225
6227
6233
6235
6236
6238
6239
6242
6243
6244
6245
6247
6248
6249
6252
6253
6254
6255
6257
6260
6261
6263
6265
6269
6271
6272
6273
6274
6275
6276
6279
6280
6281
6286
6288
6291
6292
6296
6297
6301
6302
6303
6308
6309
6310
6312
6314
6315
6323
6516
6522
6525
6530
6532
6536
6538
6539
6542
6545
6548
6549
6550
6551
6552
6555
6557
6561
6563
6565
6568
6571
6573
6574
6582
6584
6585
6587
6589
6592
6593
6596
6599
6603
6604
6606
6607
6609
6611
6612
6613
6621
6622
6623
6625
6632
6817
6820
6823
6825
6827
6838
6839
6840
6841
6842
6843
6845
6846
6848
6851
6852
6853
6856
6858
6862
6865
6877
6878
6879
6880
6881
6882
6884
6885
6889
6891
6893
6896
6897
6900
6901
6905
6906
6907
6909
6910
6911
6914
6918
6919
6920
6923
7114
7122
7128
7132
7136
7140
7142
7143
7144
7145
7146
7148
7149
7151
7153
7154
7157
7158
7159
7161
7166
7167
7168
7171
7173
7174
7179
7180
7182
7183
7185
7186
7188
7195
7197
7198
7199
7202
7205
7207
7208
7209
7212
7214
7216
7217
7224
7423
7424
7431
7436
7439
7440
7441
7442
7444
7447
7449
7451
7453
7455
7456
7457
7459
7460
7461
7463
7465
7466
7471
7474
7488
7489
7490
7492
7496
7497
7498
7502
7505
7509
7510
7511
7512
7514
7515
7516
7517
7518
7520
7523
7524
7527
7720
7723
7729
7732
7737
7738
7739
7741
7742
7743
7744
7746
7747
7748
7749
7750
7751
7753
7754
7758
7760
7761
7766
7774
7775
7784
7785
7788
7790
7796
7798
7799
7800
7803
7813
7814
7818
7819
7820
7821
7822
7823
7824
7825
7827
8016
8026
8027
8031
8037
8042
8043
8048
8050
8051
8052
8053
8054
8055
8056
8057
8059
8060
8061
8063
8064
8068
8069
8070
8071
8075
8076
8078
8079
8081
8082
8083
8084
8086
8092
8093
8096
8101
8102
8105
8106
8109
8110
8113
8114
8121
8126
8327
8329
8330
8338
8339
8343
8348
8349
8350
8351
8352
8360
8361
8362
8366
8369
8371
8375
8376
8377
8380
8383
8384
8386
8388
8390
8393
8397
8399
8401
8404
8405
8407
8408
8409
8410
8411
8412
8416
8418
8421
8425
8428
8430
8433
8626
8627
8629
8630
8632
8634
8638
8642
8644
8645
8647
8649
8652
8655
8656
8657
8658
8660
8662
8663
8664
8665
8666
8671
8674
8675
8676
8678
8679
8680
8682
8684
8686
8687
8693
8694
8695
8696
8699
8700
8702
8704
8710
8711
8712
8715
8716
8718
8721
8723
8725
8730
8923
8929
8935
8939
8941
8942
8943
8947
8948
8949
8950
8951
8952
8953
8956
8957
8959
8960
8961
8965
8966
8967
8968
8969
8972
8973
8974
8979
8981
8982
8987
8988
8989
8990
8991
8997
8999
9006
9010
9013
9015
9018
9019
9027
9030
9032
9037
9223
9225
9233
9238
9242
9243
9244
9245
9247
9251
9254
9255
9256
9258
9259
9263
9264
9266
9269
9270
9271
9275
9279
9282
9286
9288
9289
9292
9295
9297
9299
9302
9303
9304
9305
9306
9314
9317
9319
9321
9330
9335
9526
9528
9531
9542
9543
9546
9547
9549
9550
9553
9554
9555
9556
9559
9566
9567
9568
9569
9570
9572
9576
9581
9584
9591
9592
9596
9597
9598
9599
9600
9601
9605
9607
9610
9612
9613
9615
9616
9617
9618
9621
9630
9635
297
272
276
280
288
289
295
442
495
516
523
572
583
589
594
595
597
600
603
799
811
864
884
887
888
891
899
900
901
904
1161
1182
1197
1198
1199
1202
1204
1236
1400
1403
1455
1488
1494
1497
1499
1501
1504
1619
1772
1788
1800
1801
1803
1805
1806
1808
1811
2008
2020
2062
2091
2096
2104
2106
2109
2111
2113
2347
2373
2378
2391
2393
2402
2410
2557
2640
2661
2693
2695
2696
2698
2706
2707
2710
2713
2715
2907
2909
2923
2925
2979
2993
2995
3001
3005
3018
3143
3212
3287
3300
3308
3309
3310
3319
3321
3515
3574
3600
3601
3602
3603
3604
3606
3608
3609
3614
3615
3619
3620
3817
3886
3900
3902
3906
3915
3917
3918
3919
3922
3925
4119
4207
4216
4219
4220
4423
4459
4508
4509
4510
4512
4516
4517
4520
4522
4771
4782
4805
4807
4811
4813
4814
4817
4821
4825
4830
5112
5114
5116
5121
5123
5126
5130
5333
5343
5391
5409
5411
5412
5413
5420
5424
5425
5430
5635
5641
5715
5718
5724
5726
5727
5734
5930
6013
6014
6017
6018
6020
6023
6024
6029
6032
6229
6250
6300
6313
6316
6320
6324
6326
6330
6332
6333
6450
6535
6583
6588
6616
6618
6628
6630
6674
6831
6915
6917
6921
6924
6929
6933
6935
6937
7130
7141
7181
7215
7218
7220
7223
7226
7227
7232
7238
7239
7434
7443
7482
7507
7521
7522
7540
7783
7794
7828
7833
7836
8118
8119
8122
8123
8128
8132
8134
8142
8345
8347
8389
8419
8420
8434
8435
8439
8443
8557
8719
8722
8727
8728
9022
9025
9026
9028
9034
9036
9042
9237
9290
9320
9323
9324
9327
9333
9340
9535
9544
9623
9624
9625
9626
9633
9640
9641
273
1500
8131
8432
1687
186
191
201
487
489
490
491
501
550
557
777
785
786
792
797
798
821
823
840
1082
1089
1097
1103
1381
1385
1394
1396
1399
1401
1407
1419
1424
1681
1686
1701
1778
1784
1984
1986
1988
2000
2002
2015
2043
2289
2300
2301
2306
2309
2364
2591
2596
2611
2612
2633
2657
2684
2891
2901
2902
2903
2905
2908
2910
2914
2941
3197
3204
3207
3209
3211
3217
3232
3504
3505
3508
3509
3518
3799
3801
3802
3805
3808
3814
3898
4098
4099
4103
4108
4121
4127
4138
4141
4168
4183
4416
4418
4426
4494
4720
4735
4743
5013
5014
5015
5019
5025
5053
5314
5315
5319
5329
5334
5378
5396
5620
5626
5629
5633
5668
5905
5906
5929
6004
6211
6221
6223
6510
6518
6521
6526
6529
6533
6534
6629
6811
6816
6821
6824
6829
6873
7107
7113
7118
7125
7126
7127
7133
7134
7152
7412
7413
7419
7425
7426
7427
7486
7711
7724
7727
7730
7733
7734
7735
7791
7804
7816
8011
8014
8017
8035
8039
8040
8041
8049
8314
8318
8328
8331
8333
8356
8379
8631
8635
8650
8659
8689
8705
8917
8924
8926
8928
8933
8938
8958
8963
9228
9230
9236
9260
9262
9268
9519
9532
9533
9536
9538
9540
9560
6022
1792
8138
4803
9239
9313
8099
9331
277
5423
1376
 