1056
757
1058
4377
6485
6786
9195
9495
2868
3471
3475
753
8894
160
153
156
157
161
162
163
462
463
464
767
1059
1062
1064
1065
1066
1069
1070
1358
1361
1368
1663
1665
1963
2265
2267
2273
2566
2569
2576
2577
2880
2881
3169
3178
3182
3480
3775
3782
3785
4076
4079
4080
4085
4086
4088
4090
4378
4379
4387
4388
4683
4687
4992
4993
5283
5285
5288
5290
5293
5294
5296
5591
5594
5595
5891
5895
6196
6200
6496
6499
6501
6794
6797
6798
6799
7090
7091
7096
7098
7099
7390
7400
7402
7695
7699
7700
7701
7998
8002
8003
8293
8295
8300
8302
8303
8601
8897
8904
8905
9205
9206
9497
9499
9503
9504
9510
167
165
467
769
771
1071
1977
2581
2883
3185
3487
3789
4091
4393
4695
4997
5298
5599
5900
6202
7385
8610
8911
9511
815
1098
1452
2007
2628
3264
3853
4176
5649
5694
6228
7163
7757
7787
9240
9558
3248
2035
2363
3545
5663
6872
1376
1785
1404
896
1192
1810
2400
2415
3297
3312
3616
4823
5108
5429
5431
5969
6836
6931
8639
8708
9342
9344
9564
1999
1373
2263
449
2251
3769
7987
141
444
445
745
746
749
1047
1049
1347
1350
1653
1955
1959
2256
2559
2859
2860
3162
3166
3167
3464
3467
3766
3768
4068
4071
4367
4369
5280
5579
5876
5879
5881
5882
6176
6179
6779
6784
7083
7386
7683
8584
8585
9488
9491
9493
143
144
446
447
448
741
1951
1957
2250
2258
2561
2863
3157
3465
3762
4364
4368
4973
5269
5277
5878
6778
7080
7379
7988
8286
8581
8587
8884
9185
9490
754
8292
1048
3163
7682
8887
1052
1351
6781
8888
1352
1353
1354
1655
1956
4070
6180
1961
2257
5577
8285
2260
2556
2562
3161
3765
3767
4371
4372
4373
4672
7980
8885
4673
4675
5275
4974
5276
5877
428
6178
6181
6480
7084
7381
7079
7983
7984
8287
1668
8289
8588
9191
2582
58
59
60
61
62
63
64
65
67
68
70
71
72
74
75
76
77
79
80
117
119
123
127
129
133
140
142
151
359
360
361
362
365
366
367
368
369
370
372
373
376
377
378
379
380
417
421
431
433
438
439
452
453
454
469
661
662
663
665
666
667
668
669
670
671
672
674
675
676
677
678
680
681
682
684
685
725
728
734
736
737
738
742
744
755
756
963
964
965
966
968
969
971
973
974
975
976
977
979
981
983
984
986
987
1021
1023
1037
1038
1039
1043
1045
1046
1050
1057
1067
1265
1266
1269
1270
1272
1273
1274
1275
1277
1278
1279
1280
1281
1282
1283
1284
1287
1289
1323
1324
1325
1334
1336
1338
1341
1346
1359
1360
1366
1367
1369
1375
1567
1568
1569
1570
1571
1572
1573
1574
1578
1580
1581
1582
1583
1584
1586
1588
1590
1625
1627
1633
1635
1637
1641
1642
1644
1647
1648
1649
1661
1662
1869
1871
1872
1873
1874
1875
1876
1880
1881
1882
1883
1884
1885
1887
1888
1890
1892
1927
1936
1937
1939
1940
1943
1945
1949
1972
1973
2171
2172
2173
2174
2175
2177
2179
2180
2182
2183
2184
2186
2187
2189
2190
2191
2192
2193
2229
2230
2237
2240
2247
2264
2279
2281
2473
2474
2475
2476
2477
2478
2479
2480
2481
2482
2483
2484
2485
2486
2488
2489
2491
2492
2493
2494
2499
2531
2532
2547
2548
2549
2552
2555
2567
2775
2776
2777
2778
2779
2780
2782
2783
2786
2787
2788
2789
2791
2793
2794
2795
2796
2797
2803
2825
2834
2840
2844
2847
2849
2855
2870
2871
3077
3081
3082
3084
3085
3087
3088
3089
3090
3091
3092
3094
3095
3101
3103
3135
3137
3150
3156
3159
3170
3173
3176
3180
3376
3380
3381
3382
3384
3385
3386
3387
3389
3391
3392
3393
3394
3395
3397
3398
3399
3401
3437
3438
3454
3455
3458
3461
3462
3472
3473
3481
3681
3682
3683
3685
3687
3688
3689
3690
3691
3692
3694
3695
3696
3699
3700
3702
3704
3727
3737
3739
3740
3742
3748
3749
3753
3754
3755
3757
3763
3784
3790
3983
3984
3985
3986
3987
3988
3990
3991
3994
3996
3997
3998
3999
4000
4001
4002
4003
4004
4005
4007
4015
4041
4042
4047
4050
4053
4065
4077
4084
4285
4286
4289
4291
4292
4293
4294
4295
4296
4298
4299
4300
4301
4302
4303
4305
4307
4341
4345
4349
4356
4359
4365
4366
4386
4389
4394
4587
4588
4589
4591
4592
4593
4595
4596
4597
4600
4601
4605
4606
4608
4610
4645
4648
4658
4659
4661
4662
4666
4669
4680
4681
4682
4889
4890
4891
4892
4893
4894
4895
4896
4897
4898
4900
4902
4905
4906
4907
4908
4909
4910
4913
4947
4953
4955
4963
4969
4971
4982
5190
5191
5193
5194
5195
5196
5197
5199
5200
5201
5203
5204
5206
5207
5208
5209
5210
5211
5246
5250
5259
5261
5265
5270
5271
5274
5278
5284
5300
5491
5493
5494
5497
5498
5499
5500
5501
5502
5503
5505
5507
5508
5509
5514
5550
5563
5564
5569
5571
5572
5573
5574
5575
5578
5585
5586
5587
5592
5792
5793
5794
5795
5796
5798
5801
5802
5803
5804
5805
5806
5807
5808
5810
5815
5851
5852
5853
5868
5869
5880
5886
5887
5888
5892
5896
6093
6094
6095
6097
6098
6100
6101
6102
6103
6104
6105
6107
6108
6109
6110
6111
6113
6151
6159
6166
6168
6170
6174
6175
6186
6188
6394
6395
6396
6397
6399
6401
6403
6404
6405
6406
6408
6409
6410
6411
6416
6452
6458
6460
6462
6465
6468
6469
6473
6476
6479
6487
6488
6491
6495
6498
6695
6696
6697
6700
6701
6702
6705
6706
6707
6709
6710
6712
6714
6715
6745
6753
6754
6755
6761
6762
6765
6766
6774
6780
6788
6804
6996
6997
6998
7000
7001
7002
7004
7006
7007
7010
7011
7015
7020
7022
7046
7053
7055
7062
7069
7071
7074
7075
7089
7092
7095
7105
7296
7297
7298
7300
7301
7304
7307
7308
7310
7311
7313
7315
7316
7318
7320
7353
7354
7364
7371
7380
7388
7391
7392
7393
7598
7600
7602
7603
7604
7605
7607
7608
7610
7611
7612
7613
7614
7616
7617
7618
7619
7655
7656
7657
7659
7664
7671
7672
7673
7678
7679
7685
7698
7898
7899
7900
7905
7906
7907
7908
7912
7913
7914
7915
7916
7917
7919
7946
7956
7957
7958
7960
7972
7973
7975
7978
7981
7993
8200
8201
8202
8203
8204
8205
8207
8208
8209
8211
8212
8213
8214
8215
8216
8217
8218
8222
8223
8224
8256
8266
8268
8273
8276
8281
8309
8500
8501
8502
8504
8508
8509
8510
8511
8512
8513
8514
8515
8516
8517
8519
8526
8558
8559
8572
8579
8580
8582
8801
8802
8803
8804
8805
8806
8807
8809
8811
8812
8813
8814
8815
8816
8818
8821
8822
8825
8859
8860
8861
8865
8868
8869
8871
8874
8875
8879
8880
9102
9103
9104
9105
9107
9108
9109
9111
9112
9113
9114
9116
9117
9118
9119
9120
9121
9122
9166
9179
9184
9199
9202
9212
9403
9404
9405
9407
9411
9412
9413
9416
9418
9419
9420
9421
9422
9423
9425
9427
9461
9463
9471
9477
9482
9483
9498
9505
9513
8912
3188
3597
852
223
226
228
229
230
232
234
235
240
241
242
243
244
246
247
250
251
253
256
258
259
260
261
263
517
522
524
525
526
527
528
531
532
533
535
537
540
543
554
559
560
561
564
565
577
822
824
825
826
831
833
834
836
838
839
842
845
851
853
856
857
858
861
862
866
867
869
1132
1133
1134
1136
1143
1144
1145
1146
1148
1149
1152
1154
1158
1159
1162
1163
1164
1165
1166
1167
1422
1431
1432
1436
1438
1440
1442
1443
1444
1446
1447
1449
1450
1451
1454
1457
1463
1464
1467
1469
1472
1473
1483
1726
1733
1734
1735
1736
1739
1742
1743
1746
1747
1748
1751
1752
1756
1763
1764
1767
1770
1771
1774
1777
2031
2032
2037
2040
2044
2045
2046
2050
2051
2052
2059
2065
2066
2068
2069
2070
2078
2083
2085
2330
2331
2337
2339
2348
2349
2352
2354
2355
2356
2359
2365
2374
2375
2376
2635
2636
2642
2643
2646
2647
2650
2653
2659
2663
2664
2667
2668
2673
2680
2938
2939
2944
2947
2948
2950
2952
2953
2954
2957
2958
2961
2962
2963
2964
2966
2968
2974
2976
2977
2980
2983
2986
2987
2989
3242
3247
3250
3252
3253
3254
3255
3261
3262
3263
3273
3276
3277
3278
3281
3283
3285
3547
3548
3549
3550
3554
3556
3558
3562
3569
3572
3573
3577
3581
3583
3585
3588
3841
3842
3845
3847
3852
3859
3861
3863
3866
3869
3871
3873
3874
3875
3876
3877
3878
3882
3883
3884
3890
3893
4143
4148
4150
4153
4155
4156
4160
4163
4165
4173
4181
4186
4189
4190
4193
4449
4452
4453
4454
4460
4461
4463
4469
4470
4472
4474
4475
4479
4480
4481
4482
4485
4487
4489
4490
4745
4754
4758
4763
4766
4773
4777
4781
4787
4788
4791
5050
5055
5056
5062
5063
5065
5069
5070
5071
5073
5080
5081
5084
5086
5087
5088
5094
5102
5338
5350
5356
5357
5358
5359
5360
5361
5363
5364
5368
5371
5374
5375
5376
5380
5382
5384
5385
5392
5395
5398
5654
5655
5656
5657
5665
5672
5676
5681
5687
5689
5690
5692
5695
5697
5703
5951
5952
5957
5961
5962
5963
5964
5968
5971
5978
5981
5982
5984
5985
5988
5989
5991
5993
5994
5995
5998
5999
6008
6256
6259
6264
6267
6268
6270
6277
6278
6282
6283
6285
6290
6293
6294
6295
6298
6299
6304
6546
6553
6556
6558
6559
6560
6564
6567
6569
6572
6575
6576
6577
6578
6579
6581
6586
6590
6591
6594
6597
6600
6608
6610
6614
6857
6860
6861
6863
6864
6866
6868
6869
6871
6874
6883
6886
6887
6890
6894
6895
6898
6899
6903
6912
7156
7162
7164
7169
7175
7177
7184
7187
7189
7190
7192
7196
7200
7201
7203
7464
7467
7468
7472
7473
7475
7478
7480
7485
7491
7493
7494
7495
7499
7500
7501
7504
7506
7759
7763
7764
7767
7768
7770
7771
7773
7776
7779
7780
7781
7789
7793
7795
7797
7802
7806
7808
7811
7812
8058
8065
8072
8074
8077
8080
8090
8091
8094
8095
8098
8100
8108
8111
8357
8364
8368
8372
8373
8378
8382
8387
8391
8392
8394
8396
8402
8406
8414
8415
8667
8668
8669
8670
8673
8681
8688
8690
8697
8698
8701
8964
8970
8971
8975
8976
8977
8980
8983
8992
8993
8995
8996
9000
9001
9002
9004
9005
9008
9012
9014
9021
9273
9274
9276
9277
9278
9280
9281
9283
9284
9285
9294
9298
9300
9301
9308
9309
9562
9571
9573
9574
9575
9577
9578
9579
9580
9582
9583
9585
9586
9587
9588
9590
9593
9594
9595
9602
9603
9604
9608
9609
9611
4697
4785
4999
5303
85
4398
7106
7210
1500
8131
8432
8893
4381
1962
1971
4983
5885
7104
7693
8895
9496
8915
9007
9381
11
3428
14
17
22
29
33
46
36
38
39
40
41
42
43
44
45
47
48
49
82
84
86
87
168
338
339
341
342
343
344
345
346
347
348
351
384
385
386
401
640
643
644
645
646
647
648
649
650
651
652
653
673
686
688
772
941
945
946
947
948
949
950
951
952
953
970
972
989
1000
1005
1013
1073
1074
1244
1246
1247
1248
1249
1250
1251
1252
1253
1254
1255
1257
1259
1267
1276
1290
1291
1294
1316
1319
1545
1549
1550
1551
1552
1553
1554
1555
1556
1557
1558
1562
1576
1577
1589
1594
1620
1621
1676
1678
1848
1851
1852
1853
1854
1855
1856
1857
1858
1859
1860
1870
1877
1893
1918
1919
1979
2150
2152
2154
2155
2156
2157
2158
2160
2161
2162
2176
2181
2195
2197
2198
2199
2203
2206
2283
2451
2454
2455
2456
2457
2458
2459
2460
2464
2487
2497
2498
2501
2503
2510
2523
2529
2583
2753
2754
2757
2758
2759
2761
2762
2763
2764
2765
2766
2772
2781
2799
2886
3055
3059
3061
3062
3063
3064
3065
3066
3067
3068
3078
3083
3093
3102
3104
3108
3117
3186
3187
3360
3361
3362
3363
3364
3365
3366
3367
3368
3370
3371
3402
3405
3406
3409
3429
3463
3663
3664
3665
3666
3667
3668
3670
3672
3673
3684
3710
3712
3736
3961
3964
3965
3966
3967
3968
3969
3970
3972
3973
3975
3977
3992
3993
4011
4020
4025
4033
4036
4037
4087
4092
4266
4267
4268
4269
4270
4271
4272
4273
4274
4288
4290
4304
4306
4312
4313
4335
4342
4396
4568
4569
4570
4572
4575
4577
4578
4579
4598
4599
4612
4637
4644
4870
4871
4872
4873
4874
4875
4876
4877
4878
4879
4880
4899
4904
4916
4938
4994
4998
5000
5171
5172
5173
5174
5175
5176
5177
5178
5179
5180
5182
5214
5216
5218
5220
5224
5299
5469
5472
5473
5474
5475
5476
5477
5478
5480
5481
5482
5483
5495
5504
5516
5517
5525
5540
5570
5769
5770
5773
5774
5775
5776
5777
5779
5780
5781
5782
5783
5784
5811
5812
5817
5820
5829
5841
5846
5848
5902
6071
6072
6076
6077
6078
6079
6080
6081
6082
6083
6084
6088
6117
6120
6144
6201
6203
6372
6375
6376
6377
6378
6379
6380
6381
6382
6383
6393
6402
6423
6424
6426
6443
6445
6502
6504
6672
6673
6674
6677
6678
6679
6680
6681
6682
6683
6684
6685
6687
6698
6708
6711
6722
6724
6731
6732
6744
6760
6777
6974
6977
6978
6979
6980
6981
6983
6984
6986
6988
6992
7005
7021
7023
7024
7026
7035
7042
7274
7278
7280
7281
7282
7284
7285
7286
7287
7288
7302
7303
7306
7314
7319
7324
7326
7346
7401
7404
7406
7407
7408
7409
7576
7579
7580
7581
7582
7583
7584
7585
7587
7588
7622
7623
7626
7629
7647
7687
7703
7706
7707
7880
7881
7882
7883
7884
7885
7886
7887
7888
7889
7890
7901
7909
8009
8010
8178
8179
8181
8182
8184
8185
8187
8188
8189
8190
8199
8210
8228
8249
8304
8310
8311
8482
8483
8484
8485
8486
8488
8489
8490
8491
8492
8493
8524
8525
8531
8536
8607
8611
8783
8785
8786
8787
8788
8789
8828
8831
8851
8909
9080
9081
9085
9087
9088
9090
9091
9092
9093
9094
9095
9110
9115
9126
9129
9130
9132
9158
9177
9213
9385
9386
9387
9388
9389
9390
9391
9392
9393
9394
9406
9410
9415
9417
9430
9453
9514
51
56
114
357
358
375
656
659
660
712
961
962
967
978
982
1263
1264
1271
1314
1317
1564
1565
1566
1575
1579
1591
1618
1619
1861
1867
1879
1886
2168
2170
2178
2188
2220
2462
2465
2471
2472
2530
2767
2773
2774
2784
2785
2790
3073
3074
3075
3080
3099
3377
3378
3379
3388
3390
3423
3659
3679
3680
3686
3693
3698
3708
3729
3974
3981
3982
3989
4013
4093
4276
4277
4283
4284
4567
4573
4585
4586
4602
4604
4638
4881
4886
4887
4888
4903
5181
5188
5198
5202
5234
5489
5492
5506
5602
5786
5787
5790
5791
5799
5800
6041
6073
6090
6091
6092
6106
6384
6386
6388
6391
6392
6400
6692
6693
6713
6805
6976
6987
6993
6994
6999
7003
7009
7012
7014
7295
7299
7312
7595
7596
7599
7606
7609
7708
7891
7896
7897
7903
7904
7911
7918
7949
8191
8198
8246
8499
8505
8506
8507
8518
8799
8800
8808
8810
8827
9100
9101
9140
9402
9408
9414
9428
9436
99
102
405
442
707
709
980
1002
1011
1310
1917
2218
2520
2557
2810
2817
3127
3422
4032
4334
4627
4693
4932
5165
5237
5239
6134
6138
6143
6437
6741
7309
7339
7345
7645
7646
7948
8248
8550
8834
9452
111
1923
2225
2826
2829
3128
3131
3433
3434
3732
4034
4336
4640
7050
7652
7953
8555
8556
8856
9455
125
109
110
112
113
118
126
130
135
136
139
146
148
149
411
412
414
416
419
425
426
430
432
450
460
638
713
714
715
717
719
724
727
729
730
731
732
743
747
748
751
752
764
1015
1016
1017
1019
1022
1028
1030
1034
1035
1041
1051
1053
1054
1243
1318
1320
1326
1327
1332
1333
1339
1344
1345
1355
1356
1362
1623
1624
1626
1632
1634
1638
1643
1645
1646
1650
1651
1652
1658
1659
1667
1675
1922
1924
1925
1928
1934
1938
1941
1944
1946
1947
1950
1952
1953
1960
1965
2149
2223
2224
2226
2227
2231
2236
2238
2239
2241
2242
2259
2261
2525
2526
2533
2540
2541
2542
2543
2551
2563
2744
2827
2828
2831
2835
2837
2841
2843
2845
2846
2853
2856
2857
2858
2866
2867
2872
2879
3130
3133
3136
3139
3141
3144
3145
3146
3148
3152
3160
3174
3332
3431
3435
3442
3444
3445
3446
3450
3451
3452
3456
3469
3470
3733
3734
3741
3747
3750
3751
3758
3760
3761
3764
3772
3773
3774
3776
3954
3960
4035
4038
4039
4048
4054
4059
4060
4063
4064
4066
4067
4069
4073
4074
4082
4337
4338
4340
4343
4344
4348
4352
4353
4358
4370
4374
4375
4383
4395
4565
4607
4643
4646
4647
4652
4655
4656
4657
4660
4665
4668
4670
4671
4674
4866
4867
4941
4946
4948
4949
4952
4956
4957
4958
4960
4962
4965
4972
4976
4977
4980
4981
4984
5212
5242
5247
5248
5249
5253
5255
5257
5258
5260
5263
5266
5267
5268
5282
5286
5542
5543
5544
5545
5546
5552
5554
5555
5556
5557
5558
5559
5561
5565
5567
5568
5583
5584
5588
5844
5849
5850
5857
5858
5859
5860
5861
5862
5865
5867
5870
5873
5875
5884
6145
6146
6150
6152
6153
6155
6160
6161
6162
6163
6164
6169
6171
6173
6185
6453
6459
6461
6463
6464
6472
6474
6475
6477
6484
6486
6739
6747
6748
6752
6763
6768
6771
6772
6792
7047
7049
7058
7061
7065
7066
7067
7068
7073
7081
7082
7088
7270
7348
7349
7350
7351
7355
7356
7362
7363
7365
7368
7369
7377
7378
7387
7389
7653
7654
7662
7666
7667
7668
7669
7676
7677
7680
7681
7691
7697
7950
7951
7952
7959
7964
7965
7967
7968
7969
7971
7974
7976
7977
7985
7986
7991
8000
8001
8231
8252
8253
8254
8257
8258
8259
8260
8262
8264
8265
8277
8278
8279
8284
8288
8290
8553
8554
8560
8562
8564
8567
8568
8569
8571
8573
8574
8583
8590
8605
8857
8870
8872
8873
8876
8877
8878
8881
8883
8886
8891
8899
8906
9155
9161
9167
9169
9170
9173
9178
9181
9182
9188
9190
9192
9193
9198
9459
9465
9470
9472
9474
9481
9485
9486
9494
145
4676
5576
6182
7688
159
4690
5292
8269
9204
164
465
466
768
1068
1370
1371
1372
1672
1673
1674
1974
1975
1976
2276
2277
2278
2579
2580
2882
3183
3184
3484
3485
3486
3786
3787
3788
4089
4390
4391
4392
4692
4694
4995
4996
5295
5297
5596
5597
5598
5897
5898
5899
6198
6199
6500
6800
6801
7101
7102
7103
7403
7704
8004
8005
8305
8306
8606
8907
8908
9208
9209
9509
169
471
775
1076
1377
1378
1680
1682
1982
3189
3190
3490
3792
3794
4097
4399
4419
4698
5002
5003
5301
5304
5306
5903
5907
6204
6206
6505
6506
6507
6806
6832
7108
7709
8313
8615
8913
9214
9219
170
171
172
175
176
473
474
475
476
773
776
778
781
1078
1079
1380
1383
1985
1987
2284
2285
2288
2586
2587
2588
2589
2590
2593
2889
2902
3191
3192
3193
3195
3204
3494
3496
3497
3793
3795
3796
4096
4100
4405
4701
4703
5001
5004
5005
5604
5605
5606
5607
5618
5909
5911
6208
6209
6210
6508
6509
6808
6812
7109
7110
7111
7112
7410
7411
7712
8012
8013
8017
8315
8316
8317
8319
8613
8614
8616
8621
8622
8917
8926
9215
9216
9217
9218
9220
9516
9517
9518
9520
9529
177
480
486
791
1083
1387
1691
1992
2892
2894
2897
3798
3803
3807
4101
4402
6512
6814
8320
8321
9232
9522
179
183
477
777
1085
1089
1381
1384
1386
1988
2289
2302
2591
2596
2890
2891
3196
3208
3502
3505
3506
3799
4099
4103
4104
4708
4709
5007
5020
5312
5314
5908
5916
5919
6207
6211
6217
6222
6510
6511
6520
6813
6816
6821
6822
6824
7115
7118
7123
7412
7413
7414
7419
8023
8335
8618
8620
8623
8920
9222
181
186
189
191
203
204
210
215
487
489
491
497
499
503
788
792
795
797
823
827
1097
1101
1104
1106
1110
1112
1115
1117
1125
1396
1397
1405
1407
1408
1411
1414
1417
1418
1419
1420
1699
1700
1702
1703
1715
1729
1738
1778
1996
2003
2004
2015
2016
2017
2029
2034
2301
2306
2309
2310
2314
2319
2326
2327
2609
2611
2619
2629
2910
2911
2915
2916
2931
2956
3197
3207
3210
3213
3216
3219
3232
3237
3509
3516
3518
3521
3525
3805
3813
3825
3826
3846
3898
4108
4118
4121
4125
4127
4136
4139
4168
4409
4418
4422
4429
4445
4714
4720
4722
4723
4729
4735
4743
5013
5014
5025
5032
5035
5044
5326
5329
5334
5336
5345
5625
5629
5633
5636
5640
5648
5922
5933
5942
5944
5945
5983
6221
6223
6226
6231
6234
6241
6266
6518
6521
6526
6534
6543
6554
6833
6837
6854
7119
7129
7133
7134
7138
7147
7152
7428
7433
7438
7445
7450
7454
7462
7486
7724
7730
7734
7735
7740
7752
7816
8033
8035
8039
8040
8041
8045
8046
8049
8328
8334
8336
8341
8344
8346
8631
8635
8637
8646
8650
8653
8659
8928
8932
8938
8940
8944
8958
8962
8963
9234
9236
9241
9246
9248
9249
9252
9253
9260
9262
9532
9536
9539
9540
9545
9552
9561
197
233
238
248
249
296
530
541
542
556
828
843
846
881
1088
1130
1151
1156
1180
1393
1427
1437
1459
1716
1730
1749
1755
1758
1759
1762
1794
1809
2006
2027
2028
2033
2041
2092
2094
2293
2329
2333
2336
2341
2351
2358
2366
2369
2372
2401
2403
2615
2648
2652
2658
2660
2666
2672
2699
2918
2943
2949
2951
2955
3245
3257
3267
3269
3311
3568
3576
3623
3850
3864
3870
3880
4116
4166
4171
4174
4178
4179
4424
4457
4458
4462
4468
4477
4484
4514
4527
4715
4728
4751
4752
4757
4759
4769
4772
4774
5018
5021
5067
5068
5075
5078
5110
5113
5128
5308
5354
5355
5372
5426
5646
5659
5661
5671
5673
5675
5688
5953
5965
5966
5973
6218
6224
6258
6262
6287
6562
6566
6580
6595
6615
6617
6624
6626
6855
6867
6870
6875
6876
6888
6892
6913
6927
7155
7165
7172
7176
7178
7193
7219
7469
7470
7479
7762
7765
7769
7772
7777
7778
7786
8034
8036
8066
8073
8085
8088
8089
8127
8130
8358
8363
8365
8367
8374
8381
8436
8672
8677
8683
8685
8691
8720
8978
8985
8986
8994
9033
9265
9267
9272
9338
9534
9589
9629
315
322
326
335
418
1660
2748
3357
3643
3658
3971
5166
5189
5273
5763
7578
7872
7877
8473
9196
350
2163
6686
7954
8791
9395
363
406
408
410
83
88
90
91
92
93
94
95
96
97
98
100
103
105
107
108
154
381
387
389
390
391
392
393
394
395
396
397
398
399
400
402
451
679
683
687
689
690
691
692
693
694
695
696
697
698
699
700
701
702
703
706
708
711
733
758
985
990
991
992
993
994
995
996
997
998
1001
1003
1004
1007
1008
1009
1014
1061
1288
1292
1295
1296
1297
1298
1299
1300
1301
1302
1303
1304
1305
1306
1308
1309
1311
1312
1322
1585
1587
1592
1593
1595
1596
1597
1598
1599
1600
1601
1602
1603
1605
1606
1607
1609
1610
1611
1612
1613
1617
1622
1666
1889
1891
1894
1895
1896
1897
1899
1901
1903
1904
1905
1906
1907
1908
1910
1911
1913
1914
1915
1920
1967
1968
1969
2169
2200
2202
2204
2205
2207
2208
2209
2210
2211
2212
2213
2214
2215
2216
2217
2269
2271
2272
2496
2500
2502
2505
2507
2508
2509
2511
2512
2513
2514
2515
2516
2517
2518
2519
2524
2528
2570
2573
2574
2798
2800
2801
2802
2804
2805
2806
2807
2808
2809
2811
2813
2814
2815
2818
2819
2820
2821
2822
2864
2874
2876
3100
3105
3106
3107
3109
3110
3111
3112
3113
3114
3115
3116
3118
3119
3120
3121
3123
3124
3125
3126
3129
3175
3396
3404
3407
3408
3410
3411
3412
3413
3414
3416
3417
3418
3420
3421
3424
3425
3426
3448
3479
3706
3707
3709
3711
3715
3716
3717
3718
3719
3720
3721
3722
3723
3724
3725
3726
3779
3781
4006
4008
4009
4010
4014
4016
4017
4018
4021
4022
4023
4026
4027
4028
4029
4081
4308
4309
4310
4311
4314
4315
4316
4317
4318
4320
4321
4322
4323
4324
4326
4327
4328
4329
4331
4332
4363
4385
4611
4613
4615
4616
4617
4619
4620
4621
4622
4623
4624
4625
4626
4628
4630
4631
4632
4633
4642
4684
4911
4912
4914
4917
4918
4919
4920
4921
4922
4923
4924
4925
4926
4927
4928
4929
4930
4931
4934
4935
4937
4939
4940
4942
4945
4989
4990
5205
5215
5217
5219
5221
5222
5223
5225
5226
5227
5228
5229
5230
5231
5232
5233
5235
5236
5241
5289
5291
5512
5513
5519
5520
5521
5522
5523
5524
5526
5527
5528
5529
5530
5531
5532
5534
5535
5536
5589
5809
5813
5814
5819
5821
5822
5823
5825
5826
5827
5828
5830
5831
5832
5833
5834
5835
5836
5837
5842
5843
5847
6115
6116
6118
6122
6123
6124
6125
6126
6127
6128
6130
6132
6133
6135
6136
6137
6140
6142
6190
6191
6407
6418
6419
6420
6427
6428
6429
6430
6431
6432
6433
6435
6436
6438
6439
6440
6441
6447
6454
6482
6494
6718
6719
6723
6727
6728
6729
6730
6733
6734
6736
6737
6738
6740
6742
6746
6783
6793
6795
7016
7017
7028
7029
7031
7032
7033
7034
7036
7037
7038
7039
7040
7041
7048
7317
7321
7322
7323
7325
7327
7328
7329
7332
7333
7334
7335
7336
7337
7340
7341
7342
7343
7344
7615
7620
7621
7624
7625
7627
7630
7631
7632
7633
7634
7635
7636
7637
7638
7639
7641
7642
7643
7644
7650
7675
7694
7696
7920
7923
7924
7926
7927
7928
7929
7930
7931
7932
7933
7934
7935
7936
7937
7938
7939
7940
7941
7942
7943
7945
7989
7997
7999
8219
8221
8225
8226
8227
8229
8230
8232
8233
8234
8235
8236
8237
8238
8239
8240
8241
8242
8243
8244
8247
8255
8520
8521
8527
8529
8530
8532
8534
8535
8537
8538
8539
8540
8541
8542
8543
8544
8545
8546
8548
8599
8600
8819
8823
8824
8826
8832
8833
8836
8838
8839
8840
8841
8842
8844
8845
8846
8847
8854
8855
8901
9123
9131
9134
9136
9137
9138
9141
9142
9143
9144
9145
9146
9147
9149
9160
9162
9200
9424
9426
9429
9431
9432
9434
9435
9437
9438
9439
9440
9441
9442
9443
9445
9446
9447
9448
9449
9450
9451
9456
9457
9462
9475
9476
9500
9502
9512
420
435
436
1348
2852
4058
4361
6158
6457
6470
7361
7661
7674
8261
9479
9480
9527
440
470
1966
2578
3477
6193
8741
606
607
612
615
616
631
710
718
723
766
762
4688
7100
9203
774
790
3199
4406
4699
5905
7710
7711
832
216
257
1434
1761
2048
2315
2618
2651
2685
3227
3265
3565
4135
4158
4455
5353
5399
5406
5669
5940
5947
6284
6537
6844
6859
7170
7448
7476
7481
7487
7792
7810
8353
8643
8954
915
1224
1227
1845
2432
2862
3638
3661
3959
4242
4282
6054
6340
6802
7266
7558
7562
7640
9063
926
2812
4618
1012
1315
2222
7347
7648
9152
9153
1018
1921
2558
3432
3735
4639
5243
5581
5845
7649
8552
8591
9154
1126
2102
6527
7160
7782
1190
2694
2999
4205
4818
5709
7529
7532
9020
9337
9631
1194
1203
180
287
809
1086
1684
2606
3895
5348
6528
6932
7756
8617
8916
8918
8921
9017
9565
1216
7008
1223
1236
1293
1307
1337
128
3149
3449
9174
1389
1398
1993
4112
4711
1529
1546
0
1
2
3
4
5
6
7
8
9
10
12
13
15
16
18
19
20
21
23
24
25
26
27
28
30
31
32
34
35
37
50
52
53
54
55
73
302
303
304
305
306
307
308
309
310
311
312
313
314
316
317
318
319
320
321
323
324
325
327
328
329
330
331
332
334
336
337
353
354
355
356
604
605
608
609
610
611
613
614
617
618
619
620
621
622
623
624
625
626
627
628
629
630
632
633
634
635
636
637
639
641
654
655
657
658
906
907
908
909
910
911
912
913
914
916
917
918
919
920
921
922
923
924
925
927
928
929
930
931
933
934
935
936
937
938
939
940
942
943
956
957
958
959
960
1020
1208
1209
1210
1212
1213
1214
1215
1217
1218
1219
1220
1221
1222
1225
1226
1228
1229
1230
1231
1232
1233
1234
1235
1237
1238
1239
1240
1241
1242
1245
1258
1260
1261
1262
1286
1510
1511
1512
1513
1514
1515
1516
1517
1518
1519
1520
1521
1522
1523
1524
1525
1526
1527
1528
1530
1531
1532
1533
1534
1535
1536
1537
1538
1539
1540
1541
1542
1543
1547
1563
1812
1813
1815
1817
1818
1819
1820
1821
1822
1824
1825
1826
1829
1830
1831
1832
1833
1834
1835
1836
1838
1839
1840
1841
1842
1843
1844
1846
1847
1849
1862
1863
1864
1865
1866
1868
2114
2115
2116
2117
2118
2119
2120
2121
2122
2123
2124
2125
2126
2127
2128
2129
2130
2131
2132
2133
2134
2135
2136
2137
2138
2139
2140
2141
2142
2144
2145
2146
2147
2151
2164
2165
2166
2167
2185
2228
2416
2417
2418
2420
2422
2423
2424
2425
2426
2427
2428
2429
2430
2431
2433
2434
2435
2436
2437
2438
2439
2441
2442
2443
2444
2446
2447
2449
2450
2453
2466
2468
2469
2470
2490
2564
2718
2719
2720
2722
2723
2726
2727
2728
2729
2730
2732
2733
2734
2736
2737
2738
2739
2740
2741
2742
2743
2745
2746
2747
2749
2750
2751
2752
2755
2768
2769
2771
2832
2833
3020
3021
3022
3023
3024
3026
3028
3029
3030
3031
3032
3033
3034
3035
3036
3037
3038
3039
3040
3041
3042
3043
3044
3045
3046
3047
3048
3049
3051
3052
3053
3054
3056
3057
3069
3070
3072
3076
3079
3098
3322
3323
3324
3325
3326
3327
3328
3329
3330
3331
3334
3336
3337
3338
3339
3340
3341
3342
3344
3345
3346
3347
3349
3350
3351
3352
3354
3355
3358
3359
3372
3373
3374
3375
3436
3624
3625
3627
3628
3629
3630
3631
3632
3633
3634
3635
3636
3637
3639
3641
3642
3646
3647
3648
3649
3652
3654
3655
3657
3660
3674
3675
3676
3677
3678
3697
3701
3791
3926
3927
3928
3930
3931
3933
3934
3935
3936
3937
3938
3939
3940
3941
3942
3944
3945
3946
3947
3948
3949
3950
3951
3952
3953
3955
3956
3957
3958
3962
3963
3976
3979
3980
4228
4229
4230
4231
4232
4233
4235
4236
4237
4238
4239
4240
4241
4243
4244
4245
4247
4248
4249
4250
4251
4252
4253
4254
4255
4256
4257
4258
4260
4261
4262
4263
4265
4278
4279
4280
4281
4297
4530
4531
4532
4533
4534
4535
4537
4539
4541
4544
4545
4547
4548
4549
4550
4551
4552
4554
4555
4556
4558
4559
4560
4561
4563
4564
4566
4571
4580
4581
4583
4584
4594
4614
4653
4832
4833
4834
4835
4836
4837
4838
4839
4840
4841
4842
4843
4844
4845
4846
4848
4849
4850
4851
4852
4853
4854
4855
4856
4857
4858
4859
4860
4861
4862
4863
4864
4865
4868
4869
4882
4883
4884
4885
4979
5133
5135
5136
5137
5138
5139
5140
5141
5142
5143
5144
5145
5147
5149
5150
5151
5153
5154
5156
5158
5159
5160
5161
5162
5163
5164
5167
5168
5169
5170
5183
5184
5185
5186
5187
5192
5245
5434
5435
5436
5437
5438
5439
5440
5441
5442
5443
5444
5445
5446
5448
5449
5450
5451
5452
5453
5454
5456
5457
5458
5459
5460
5461
5462
5464
5465
5466
5468
5470
5471
5485
5487
5490
5496
5548
5735
5736
5737
5738
5740
5741
5742
5743
5745
5746
5747
5748
5749
5750
5751
5752
5753
5755
5756
5757
5758
5761
5765
5766
5767
5768
5771
5772
5778
5785
5788
5789
5816
6036
6037
6038
6040
6042
6043
6044
6045
6046
6047
6048
6049
6050
6051
6052
6053
6055
6056
6057
6058
6059
6060
6061
6062
6063
6064
6065
6066
6067
6068
6069
6070
6087
6089
6099
6172
6337
6338
6339
6341
6343
6345
6346
6347
6348
6349
6350
6351
6352
6353
6354
6355
6356
6357
6358
6359
6360
6362
6363
6367
6368
6369
6370
6371
6373
6374
6387
6390
6398
6414
6638
6639
6640
6641
6642
6643
6644
6645
6646
6647
6648
6649
6650
6651
6652
6653
6655
6658
6659
6660
6661
6662
6663
6664
6665
6666
6667
6669
6670
6671
6675
6689
6690
6691
6703
6939
6940
6941
6943
6944
6945
6947
6948
6949
6950
6951
6952
6953
6954
6955
6956
6957
6958
6959
6960
6961
6962
6963
6964
6965
6966
6967
6969
6970
6971
6972
6973
6975
6989
6990
6991
6995
7240
7241
7242
7243
7244
7245
7246
7247
7248
7249
7250
7251
7252
7254
7256
7257
7259
7260
7261
7262
7263
7264
7265
7268
7269
7272
7273
7275
7276
7277
7289
7290
7291
7292
7293
7294
7541
7542
7543
7544
7545
7546
7547
7548
7549
7550
7551
7553
7554
7555
7556
7557
7559
7560
7561
7563
7564
7565
7566
7568
7569
7570
7571
7572
7573
7574
7575
7577
7590
7591
7593
7594
7597
7690
7705
7842
7843
7844
7845
7846
7848
7849
7850
7851
7852
7853
7854
7856
7858
7859
7860
7861
7862
7863
7864
7865
7866
7867
7868
7869
7870
7871
7873
7874
7875
7876
7879
7893
7894
7895
7902
8143
8144
8145
8146
8147
8148
8149
8150
8151
8152
8154
8155
8156
8157
8158
8159
8161
8162
8163
8164
8166
8167
8168
8169
8170
8171
8173
8174
8176
8177
8180
8192
8193
8194
8195
8196
8197
8444
8445
8446
8447
8449
8450
8451
8452
8453
8454
8455
8456
8457
8458
8459
8460
8461
8462
8463
8464
8465
8466
8467
8469
8470
8471
8474
8475
8476
8477
8478
8479
8480
8481
8494
8495
8496
8497
8498
8745
8746
8747
8748
8749
8751
8752
8753
8754
8755
8757
8758
8759
8760
8762
8763
8764
8765
8766
8767
8768
8769
8770
8771
8772
8773
8774
8775
8776
8777
8778
8779
8780
8781
8793
8794
8795
8796
8797
8798
8843
9046
9047
9048
9049
9050
9051
9052
9053
9054
9056
9057
9058
9059
9060
9061
9062
9064
9065
9066
9068
9069
9070
9071
9072
9073
9074
9075
9076
9077
9078
9079
9082
9083
9096
9098
9099
9175
9189
9207
9347
9349
9350
9351
9352
9353
9354
9355
9357
9358
9360
9361
9362
9363
9364
9365
9366
9367
9368
9369
9370
9371
9372
9373
9374
9375
9376
9377
9378
9379
9380
9382
9383
9396
9397
9398
9399
9400
9401
1559
1561
1654
3165
6481
1657
1814
8830
1828
9097
1837
1878
1900
1909
1948
3457
4062
4968
7375
1954
437
1958
1980
441
2074
2143
2148
2194
2196
6422
9127
2201
2219
2253
2255
2262
2282
2307
8030
8332
2419
2440
2445
2452
1544
2463
2467
6782
2495
2506
2537
3759
4966
8867
2544
2560
2568
4075
4679
5601
9194
2721
2724
2731
2504
2735
1211
2830
2836
3439
7054
2873
458
2895
3025
3027
3050
403
3071
3096
3097
3400
6112
8220
8820
3122
3134
5590
7994
3151
3164
3168
1032
3243
1168
1429
3333
3335
2448
3343
3348
3353
3356
1827
3369
3383
3403
3415
3430
409
4641
6147
6749
9156
3453
3468
3483
461
3488
166
468
770
1072
1374
1677
1978
2280
2884
2885
3489
4696
4724
5600
5901
6503
8007
8008
8308
8609
8910
9211
3492
2869
4755
3493
2308
4413
8322
3511
3626
3640
3644
3650
3651
3653
3656
3705
3714
4012
6726
7628
3728
8853
3731
388
3738
4678
5281
7087
7689
8592
3770
3778
158
4685
8594
3929
3932
3943
3995
4024
4030
4031
4040
81
340
349
352
371
374
407
413
642
664
704
705
944
954
988
999
1006
1010
1256
1313
1548
1560
1608
1614
1615
1850
1916
1926
2153
2159
2221
2461
2521
2522
2756
2760
2770
2792
2816
2823
2824
3058
3060
3086
3419
3427
3662
3669
3730
4019
4275
4330
4333
4574
4576
4582
4603
4629
4634
4635
4636
4901
4933
4936
4943
5213
5240
5479
5484
5533
5539
5541
5547
6074
6075
6129
6141
6417
6425
6434
6450
6676
6688
6694
6725
6743
6751
6982
7043
7044
7045
7283
7305
7338
7601
7651
7892
7910
7947
7955
8183
8186
8245
8250
8487
8523
8533
8549
8557
8782
8784
8790
8835
8837
8850
8852
9084
9086
9089
9124
9151
9159
9384
9433
9454
9460
4057
4072
147
1357
4677
6493
6785
6787
7085
7686
9492
4094
932
4114
4414
4214
588
4234
7586
4246
2421
4259
4264
4287
4319
3713
4339
106
6149
4355
4360
4376
4440
4536
4538
4540
4542
4546
4553
4562
4590
4609
4663
120
121
122
124
131
132
134
155
423
424
427
429
434
455
456
457
722
726
735
739
750
759
760
761
765
1024
1025
1026
1027
1029
1031
1033
1036
1040
1042
1044
1055
1060
1063
1328
1329
1330
1331
1335
1340
1343
1349
1363
1364
1365
1628
1629
1630
1631
1636
1639
1640
1664
1669
1670
1671
1930
1931
1932
1933
1935
1942
1964
1970
2232
2233
2234
2235
2243
2244
2245
2246
2248
2249
2254
2270
2274
2275
2534
2535
2536
2538
2539
2545
2546
2550
2553
2554
2571
2572
2838
2839
2842
2848
2850
2851
2854
2875
2877
3138
3140
3142
3147
3153
3154
3155
3158
3171
3172
3179
3181
3440
3441
3443
3447
3459
3460
3466
3474
3476
3482
3743
3744
3745
3746
3752
3756
3771
3777
3780
3783
4043
4044
4045
4046
4049
4051
4052
4055
4056
4078
4083
4346
4347
4350
4351
4354
4357
4362
4380
4382
4649
4650
4651
4654
4664
4686
4689
4691
4950
4951
4954
4959
4961
4964
4986
4987
4991
5251
5252
5254
5256
5262
5264
5279
5287
5549
5551
5553
5566
5580
5593
5854
5855
5856
5863
5864
5866
5872
5883
5890
5894
6154
6156
6157
6165
6167
6177
6183
6192
6194
6195
6197
6455
6456
6466
6471
6478
6483
6489
6490
6497
6756
6757
6758
6759
6764
6767
6769
6770
6775
6776
6790
6791
6803
7056
7057
7059
7060
7063
7064
7070
7072
7077
7086
7093
7094
7357
7358
7359
7360
7366
7367
7372
7373
7374
7382
7383
7397
7398
7399
7405
7658
7660
7663
7665
7670
7692
7702
7961
7962
7963
7966
7970
7979
7990
7995
7996
8263
8267
8270
8271
8272
8274
8275
8280
8282
8283
8296
8298
8299
8301
8561
8563
8565
8566
8570
8575
8576
8577
8578
8595
8596
8598
8602
8603
8604
8862
8863
8864
8866
8882
8898
8902
8903
9163
9164
9165
9168
9172
9176
9183
9186
9187
9197
9464
9466
9467
9468
9469
9473
9478
9484
9487
9506
9507
9508
4667
4847
4915
4967
4061
4970
4975
4978
5134
5146
5148
5152
404
4557
5155
5157
6365
7013
5238
5272
1929
5327
5447
5455
5463
6085
8175
8792
5467
5486
5510
5511
5515
5518
5537
5538
5560
152
2252
5562
5582
5624
4401
5683
820
5739
5754
2725
5759
5762
5764
7878
5797
5824
89
5838
5839
5840
5871
137
740
5874
9489
6039
6086
3143
3978
6096
6114
66
6121
6131
6139
6189
763
4985
8597
6342
6344
6361
6364
6366
6985
6385
955
3671
6389
6412
6421
6442
6444
6448
8528
6446
8251
8551
6449
6451
115
720
721
6467
6654
6656
6657
1823
6668
5744
6699
6704
57
6717
6415
6721
6735
6773
6789
2878
5893
6796
2575
6850
6942
6946
3645
6968
4543
7018
382
383
7019
7030
7052
716
1285
1616
1898
1902
2527
5244
5488
5818
6119
6413
6716
6720
7025
7027
7922
8829
9133
7076
7078
138
7253
7255
7258
5760
7267
1604
7271
7279
7330
7331
7370
422
7376
7384
443
459
1342
1656
2266
2268
2565
3177
3478
4384
4988
5889
6187
6492
7097
7395
7396
8297
8896
8900
9201
9501
7394
7552
4325
7567
7589
7684
7847
7855
7857
7921
7925
7944
7982
7992
8006
8307
8608
9210
8087
2064
8124
8153
8160
8165
8172
8206
8291
8400
2371
8395
8448
8468
8472
116
8503
69
364
1268
8522
78
8547
3703
8586
2861
8589
2865
8593
8750
8756
8761
1816
8817
8848
8849
101
8858
415
1321
3132
4944
6148
6750
7051
7352
9458
8889
8890
8892
150
6184
8294
8984
3533
5926
9055
333
9067
1912
9106
9125
9128
9135
9139
9148
9150
104
9157
9171
9180
9348
9356
9359
9409
7592
9444
 9563
173
174
194
196
198
199
202
206
207
209
211
212
213
214
217
219
220
221
222
225
227
231
236
245
252
254
255
262
264
268
271
278
279
483
485
488
494
500
502
506
508
509
510
511
512
514
518
519
520
521
529
534
536
538
539
544
546
547
548
549
555
558
562
563
566
568
570
571
573
579
581
584
586
780
787
793
794
800
801
802
803
805
808
810
812
813
814
816
817
818
819
829
830
835
837
841
844
847
850
859
860
865
868
871
872
878
882
883
889
890
1091
1092
1094
1095
1099
1100
1102
1107
1114
1116
1118
1119
1120
1121
1123
1124
1127
1128
1131
1135
1137
1138
1139
1140
1141
1142
1147
1150
1153
1155
1157
1160
1171
1175
1184
1185
1187
1188
1189
1191
1195
1382
1402
1409
1415
1416
1421
1423
1425
1426
1428
1430
1435
1439
1441
1448
1453
1456
1461
1462
1465
1466
1468
1470
1471
1474
1476
1477
1478
1479
1480
1484
1487
1490
1493
1689
1695
1696
1698
1706
1708
1709
1710
1712
1713
1714
1717
1718
1721
1722
1724
1725
1727
1728
1731
1732
1737
1740
1744
1745
1754
1757
1760
1765
1766
1768
1769
1773
1775
1776
1779
1781
1790
1796
1797
1990
1994
1995
1997
2001
2005
2009
2010
2011
2012
2013
2014
2018
2019
2022
2023
2024
2025
2026
2030
2036
2039
2042
2047
2049
2053
2054
2056
2057
2058
2060
2061
2063
2067
2075
2076
2080
2089
2095
2097
2295
2297
2298
2303
2305
2311
2312
2313
2316
2318
2320
2321
2322
2323
2324
2328
2332
2334
2335
2338
2342
2343
2344
2345
2346
2350
2353
2357
2360
2368
2379
2380
2381
2382
2384
2387
2390
2392
2396
2404
2598
2600
2601
2605
2607
2617
2620
2621
2622
2623
2624
2625
2626
2627
2630
2631
2632
2634
2637
2638
2639
2641
2644
2645
2654
2656
2662
2665
2669
2671
2674
2675
2677
2678
2681
2683
2686
2697
2700
2701
2900
2904
2906
2919
2920
2922
2924
2926
2927
2928
2929
2930
2932
2933
2934
2936
2937
2940
2945
2946
2959
2969
2970
2971
2972
2973
2975
2982
2984
2985
2997
2998
3000
3194
3201
3203
3205
3206
3218
3220
3221
3222
3223
3226
3228
3229
3230
3235
3236
3238
3239
3240
3241
3244
3246
3249
3251
3256
3258
3259
3260
3266
3268
3270
3271
3272
3274
3275
3279
3280
3286
3288
3289
3293
3296
3298
3301
3306
3495
3510
3514
3517
3520
3522
3523
3524
3528
3529
3530
3531
3532
3534
3535
3537
3538
3539
3540
3542
3543
3544
3546
3551
3552
3553
3557
3559
3560
3561
3564
3566
3567
3578
3579
3580
3584
3586
3587
3589
3593
3596
3598
3605
3607
3811
3816
3820
3821
3822
3827
3828
3830
3831
3832
3833
3834
3835
3836
3837
3838
3839
3840
3843
3844
3848
3849
3851
3854
3855
3856
3857
3858
3860
3868
3879
3881
3885
3887
3889
3891
3894
3897
3903
3904
3907
4111
4115
4120
4122
4123
4124
4128
4130
4131
4132
4133
4134
4137
4140
4142
4144
4145
4146
4147
4149
4151
4152
4154
4157
4159
4161
4162
4164
4169
4170
4172
4175
4177
4180
4184
4185
4187
4188
4191
4192
4194
4196
4201
4203
4206
4208
4415
4421
4427
4428
4430
4431
4432
4434
4435
4436
4437
4438
4441
4442
4444
4446
4447
4448
4450
4456
4464
4465
4466
4467
4471
4473
4476
4478
4483
4488
4491
4493
4496
4499
4502
4504
4506
4507
4702
4718
4727
4730
4731
4732
4734
4736
4738
4739
4740
4741
4744
4747
4748
4749
4750
4753
4756
4760
4761
4762
4764
4765
4767
4768
4770
4775
4776
4778
4779
4783
4784
4786
4789
4790
4793
4794
4795
4796
4799
4801
4804
4809
5016
5024
5027
5028
5031
5033
5034
5036
5038
5039
5040
5041
5042
5048
5049
5051
5052
5054
5058
5059
5060
5061
5064
5066
5074
5077
5079
5082
5083
5085
5089
5092
5093
5096
5097
5098
5100
5118
5311
5313
5321
5323
5324
5325
5328
5330
5331
5332
5335
5339
5340
5342
5346
5347
5349
5351
5352
5362
5365
5366
5370
5373
5377
5379
5381
5383
5386
5387
5388
5389
5390
5393
5394
5400
5403
5414
5611
5614
5616
5622
5623
5628
5630
5634
5637
5638
5642
5643
5645
5647
5650
5651
5652
5653
5658
5660
5662
5664
5666
5667
5670
5674
5677
5678
5680
5682
5684
5685
5691
5696
5699
5701
5702
5705
5710
5713
5721
5917
5920
5921
5924
5925
5927
5928
5931
5932
5934
5935
5937
5938
5939
5941
5943
5946
5948
5950
5954
5956
5959
5960
5967
5970
5972
5974
5975
5976
5977
5979
5986
5987
5992
5997
6000
6001
6002
6003
6005
6010
6011
6012
6016
6019
6021
6215
6225
6227
6233
6236
6238
6239
6242
6243
6244
6247
6248
6249
6252
6253
6254
6255
6257
6260
6261
6263
6265
6269
6272
6273
6274
6275
6279
6280
6281
6286
6288
6291
6292
6296
6297
6301
6302
6303
6308
6309
6312
6314
6315
6323
6516
6522
6525
6530
6532
6538
6542
6545
6548
6549
6550
6551
6552
6555
6557
6561
6563
6565
6568
6571
6573
6574
6582
6584
6585
6587
6589
6592
6593
6596
6599
6603
6606
6611
6613
6621
6632
6817
6820
6823
6825
6827
6838
6839
6840
6841
6842
6843
6845
6846
6848
6851
6852
6853
6856
6858
6862
6865
6877
6878
6879
6880
6882
6884
6885
6889
6891
6893
6896
6897
6900
6901
6905
6906
6907
6909
6910
6914
6918
6919
6920
7122
7128
7132
7136
7140
7142
7143
7144
7145
7146
7148
7149
7151
7153
7154
7157
7158
7159
7161
7166
7167
7168
7171
7173
7174
7179
7180
7182
7183
7186
7188
7195
7197
7198
7199
7202
7205
7207
7208
7217
7423
7424
7431
7436
7439
7440
7441
7442
7444
7447
7449
7451
7453
7455
7456
7457
7459
7460
7461
7463
7466
7471
7474
7488
7490
7492
7496
7497
7498
7502
7505
7509
7510
7511
7514
7515
7517
7520
7523
7524
7527
7720
7723
7729
7737
7738
7739
7741
7742
7743
7744
7746
7747
7748
7749
7750
7751
7753
7754
7758
7760
7761
7766
7774
7775
7784
7785
7788
7790
7796
7798
7799
7800
7803
7813
7814
7820
7821
7822
7823
7825
7827
8016
8026
8027
8031
8037
8042
8043
8048
8050
8051
8053
8054
8055
8056
8057
8060
8061
8063
8064
8068
8069
8070
8071
8075
8076
8078
8079
8081
8082
8083
8084
8086
8092
8093
8096
8101
8102
8105
8109
8114
8121
8126
8327
8329
8330
8338
8343
8348
8349
8350
8351
8352
8360
8361
8362
8366
8369
8371
8375
8376
8377
8380
8384
8386
8388
8393
8399
8401
8404
8405
8407
8408
8409
8411
8412
8421
8428
8430
8433
8626
8627
8629
8630
8632
8634
8638
8642
8644
8645
8647
8649
8652
8655
8656
8657
8658
8660
8662
8663
8664
8665
8666
8671
8674
8675
8676
8678
8679
8680
8682
8684
8686
8687
8693
8694
8695
8699
8700
8702
8704
8710
8711
8712
8716
8721
8723
8725
8730
8929
8935
8939
8941
8942
8947
8948
8950
8951
8952
8953
8956
8957
8959
8960
8961
8965
8967
8968
8969
8972
8973
8974
8979
8981
8987
8988
8989
8990
8991
8997
8999
9006
9013
9015
9018
9027
9030
9032
9223
9225
9233
9238
9242
9244
9245
9247
9251
9254
9255
9256
9258
9259
9263
9264
9266
9269
9270
9271
9275
9279
9282
9286
9288
9289
9292
9295
9299
9302
9303
9304
9305
9306
9314
9317
9321
9330
9335
9526
9528
9531
9543
9546
9547
9549
9550
9553
9554
9555
9556
9559
9566
9567
9568
9569
9570
9572
9576
9581
9584
9591
9592
9596
9597
9599
9600
9601
9605
9607
9610
9613
9615
9617
9630
9635
218
284
292
504
187
496
553
855
1105
1406
1412
2055
2292
2361
2362
2604
2613
2655
2670
2960
3307
3563
3575
3819
3867
4167
4420
4721
4746
5057
5072
5369
5397
5405
5627
5632
5980
6235
6271
6536
6539
6604
6881
7732
8052
8106
8390
8696
8943
8949
8982
9297
9542
9612
849
2992
877
200
275
286
545
576
587
590
875
879
1193
1445
1482
1485
1489
1791
1793
2084
2086
2087
2388
2389
2691
2967
3294
3295
3303
3896
3899
3905
3908
4195
4218
4500
4800
4810
4820
5104
5105
5107
5111
5367
5415
5418
5693
5704
5706
5707
5711
5949
6015
6276
6310
6607
6609
6612
6622
6623
6625
6911
6923
7185
7209
7212
7214
7216
7224
7465
7512
7516
7518
7818
7819
7824
8110
8113
8397
8410
8416
8418
8425
8715
8718
8966
9019
9037
9243
9319
9616
9618
9621
1129
552
1720
2595
5046
5912
6245
9551
3571
208
848
4182
4497
9010
7114
7489
8059
8339
873
8923
4704
9598
569
8383
 