3188
4720
210
528
1448
2020
2332
2640
3780
3828
3839
4120
4459
4761
6023
6223
8080
8083
8088
8323
8616
9275
764
1393
1686
4102
1399
180
454
524
792
1101
1398
1696
1705
1981
2003
2050
2274
2298
2528
2878
2936
3221
3225
3493
3757
3787
4070
4106
4147
4417
4717
4996
5053
5071
5337
5626
5631
5891
5923
5940
6198
6471
6819
6919
7426
7439
7536
7970
8300
8307
8348
8413
8431
8607
8641
8936
9549
9615
4703
513
1098
1124
1460
1689
1693
1730
1743
2058
2077
3174
3210
3243
3245
3261
3266
3848
4180
4462
4998
5297
5406
5960
6203
6210
6529
6621
7181
7455
7501
7774
9573
9617
4785
1186
2603
2647
3263
4159
7792
9265
1755
3508
5278
2655
4481
5904
6889
4995
4096
6233
6790
7730
5087
1168
444
1034
1652
1960
2977
4642
6489
6799
7224
7691
7695
9476
9496
2258
4109
3511
4608
403
3698
4317
4324
7021
4653
441
1631
3255
3274
4068
5056
5062
5251
5567
6160
7668
7779
8586
8876
9329
5033
1044
5335
508
546
767
800
805
1200
1446
1462
1675
2631
2642
2986
3264
3575
3847
4111
4141
4415
4422
4452
4454
4760
4779
5001
5036
5332
5339
5690
6880
6924
6938
7135
7385
8364
8381
8423
8630
8986
9008
6215
128
6303
1329
1403
2539
2954
6292
7834
9231
6630
9511
7382
140
747
5929
8279
216
2696
8612
8383
853
9341
3312
9353
145
574
766
1204
1346
1504
1635
1935
1939
2374
3520
3855
4071
4203
4348
5282
5713
5732
6017
6162
6194
6567
6822
7072
7091
7111
7711
7747
8886
8900
9006
9036
5552
2535
4057
4959
7095
7669
9178
5629
5299
8940
7174
2388
3566
4166
4477
5070
6616
7997
8386
8701
8970
7548
479
456
1190
1345
1509
1704
1994
2255
2356
2588
3000
3249
3577
3920
4183
4973
5414
5575
5594
5648
5729
5955
8360
8601
8648
8676
8914
9193
7692
138
147
242
553
589
789
1678
1958
2249
2280
2393
4201
5288
6191
6271
6615
6795
7213
7406
7522
8017
9633
9252
190
492
1636
3521
7071
9550
7837
1139
1772
2381
7499
4360
5633
9514
1795
8969
2559
3154
777
182
569
815
1418
2013
2287
2630
2683
3183
3260
4701
5058
5627
5922
5925
6311
6613
6913
8070
8992
9262
9293
9542
552
2017
895
1371
2051
2055
2913
3178
3778
3864
4220
4421
4446
5105
5130
5397
5680
6011
6607
6891
7705
8001
8055
8996
9002
9003
9219
9598
8960
1207
4796
4797
5409
7215
8387
9577
9637
162
228
257
263
274
295
506
531
578
593
601
882
887
1041
1053
1129
1133
1169
1173
1183
1187
1205
1342
1431
1439
1457
1458
1477
1508
1748
1757
1769
1956
1970
2029
2078
2111
2268
2361
2366
2554
2563
2612
2658
2865
2920
2953
2974
2987
2991
3016
3252
3265
3282
3299
3471
3547
3569
3574
3580
3582
3593
3595
3602
3604
3605
3807
3815
3843
3890
3895
3912
3915
4065
4089
4099
4158
4197
4211
4213
4363
4364
4423
4499
4500
4512
4514
4526
4689
4713
4725
4740
4745
4766
4801
4814
4819
4989
5044
5079
5114
5125
5301
5347
5376
5381
5390
5413
5432
5434
5573
5668
5672
5695
5701
5717
5722
5731
5948
5965
5982
6006
6019
6025
6033
6200
6228
6260
6263
6276
6335
6337
6525
6625
6633
6814
6884
6905
6911
6942
6944
7082
7120
7176
7184
7239
7388
7467
7502
7504
7541
7546
7784
7791
7801
7803
7830
7840
7991
7992
8002
8097
8110
8121
8142
8148
8377
8419
8436
8444
8449
8593
8670
8672
8674
8681
8716
8728
8740
8752
8951
8967
9024
9028
9029
9039
9051
9195
9206
9207
9284
9314
9320
9339
9343
9498
9595
9606
9644
9656
9593
9579
840
159
163
166
181
249
253
275
276
281
284
447
453
484
488
496
533
562
568
572
583
597
758
782
786
787
819
831
844
847
852
868
869
870
878
885
886
892
897
1072
1095
1126
1132
1172
1180
1189
1193
1194
1369
1373
1375
1378
1382
1388
1394
1467
1471
1483
1505
1669
1670
1728
1746
1771
1806
1809
1955
1969
1975
1980
1984
1985
1992
1998
2009
2048
2082
2091
2096
2101
2104
2110
2262
2286
2297
2299
2337
2345
2355
2373
2384
2391
2395
2404
2405
2407
2548
2575
2577
2583
2586
2601
2662
2666
2672
2678
2689
2700
2702
2712
2713
2849
2876
2885
2886
2968
2978
2998
3004
3005
3011
3165
3173
3192
3203
3213
3228
3283
3286
3296
3303
3309
3311
3315
3317
3470
3498
3507
3545
3553
3564
3590
3597
3598
3621
3804
3818
3865
3882
3897
3899
3910
4098
4110
4189
4202
4212
4221
4222
4371
4387
4389
4396
4398
4401
4409
4482
4491
4493
4513
4723
4753
4758
4762
4769
4789
4793
4808
4817
4823
4825
4827
4962
4985
4987
5006
5020
5035
5037
5075
5100
5101
5113
5117
5118
5123
5127
5272
5298
5315
5326
5328
5365
5382
5385
5401
5418
5576
5596
5612
5615
5623
5625
5628
5651
5706
5714
5718
5726
5728
5735
5894
5899
5917
5921
5924
5928
5934
5968
5997
6000
6012
6021
6027
6028
6037
6209
6222
6267
6275
6298
6304
6305
6316
6322
6327
6330
6332
6512
6517
6559
6561
6570
6572
6574
6587
6597
6602
6603
6612
6636
6807
6816
6833
6836
6847
6867
6879
6887
6890
6916
6918
6929
6930
7078
7113
7129
7177
7187
7189
7204
7208
7216
7221
7230
7235
7238
7342
7399
7414
7427
7465
7479
7491
7492
7515
7523
7527
7531
7535
7540
7549
7681
7709
7715
7740
7742
7746
7762
7787
7790
7804
7806
7808
7813
7829
7836
7842
8014
8027
8033
8072
8073
8082
8096
8112
8127
8130
8131
8133
8146
8319
8331
8358
8363
8370
8371
8384
8394
8401
8411
8417
8422
8430
8433
8438
8443
8451
8609
8619
8638
8647
8650
8702
8703
8736
8746
8748
8924
8925
8938
8950
8982
8983
9004
9011
9015
9016
9017
9018
9022
9040
9044
9052
9237
9238
9254
9258
9264
9276
9283
9297
9304
9308
9325
9330
9331
9340
9342
9488
9521
9578
9596
9619
9626
9629
9632
95
2211
3414
92
1902
6133
1750
5290
499
510
2010
2016
2315
2871
2961
3110
3409
3411
3592
3766
3792
4199
4439
4501
4517
4787
5584
5657
5692
5723
5881
6100
6182
6183
6188
6503
6571
6823
6925
7094
7220
7401
7772
7819
7843
8103
8137
8541
8599
8715
9233
9246
9263
9345
9289
211
294
509
1125
1146
1796
1979
2044
2709
3218
3489
3614
4122
4413
4738
4782
5107
5108
5116
5129
5388
6256
6333
7838
8043
8135
8406
8981
9303
9348
9533
2313
4976
7110
8062
3587
6510
3835
1141
4806
5046
5051
2596
7818
8447
549
867
1206
1466
1802
2073
2398
3313
3902
4216
5425
6030
6928
8030
8138
8391
8747
8714
2910
7123
9216
152
780
806
1068
4694
7688
470
519
603
734
759
814
816
849
1037
1099
1396
1400
2093
2590
2619
2890
2895
3198
3443
3464
3495
3517
3860
4072
4121
4510
5604
5624
5655
5863
5884
5994
6016
6273
6285
6320
6787
6805
6885
6934
7410
7769
8067
8328
8733
8906
8917
8979
9211
9482
9587
177
290
1128
1763
2037
2716
3842
3854
3918
4822
5043
7197
7203
7449
8045
8994
9244
460
4520
520
3319
5673
5580
796
862
1629
2001
2105
2372
2627
6250
6319
7157
7446
7793
8312
8721
9209
9625
5985
595
1442
2260
2309
4193
4435
4682
5005
5426
5938
5959
5991
6208
9494
9630
4728
5312
5622
5650
9245
9558
1078
188
463
724
726
855
864
901
1029
1074
1087
1123
1331
1472
1685
1694
1733
1779
1800
1949
1978
2239
2607
2864
2922
2983
3133
3135
3141
3156
3175
3199
3217
3444
3445
3446
3503
3523
3610
3745
3751
3753
3768
3775
3781
3797
3802
3904
4048
4055
4067
4077
4087
4352
4357
4361
4370
4418
4473
4476
4647
4666
4736
4739
4805
5032
5082
5131
5254
5256
5259
5265
5273
5285
5319
5359
5556
5559
5565
5645
5674
5903
5913
5974
6007
6010
6174
6231
6261
6283
6294
6462
6464
6469
6519
6533
6558
6575
6582
6770
6835
6937
7069
7096
7124
7128
7193
7378
7383
7421
7429
7505
7534
7672
7678
7733
7755
7781
7990
7995
8064
8111
8614
8626
8631
8636
8653
8683
8883
8887
8893
8908
8935
8962
8985
9031
9182
9239
9248
9317
9323
9480
9487
9490
9510
9517
526
8106
1119
1201
260
472
523
752
791
817
884
1040
1045
1083
1113
1152
1404
1406
1408
1500
1780
1786
2038
2242
2270
2295
2364
2371
2392
2543
2555
2875
2883
2889
2898
2912
2948
2985
3140
3177
3186
3205
3250
3270
3280
3440
3494
3539
3551
3572
3796
3813
3814
3851
3866
3874
4066
4130
4392
4420
4427
4450
4487
4515
4664
4668
4693
4709
4799
5022
5081
5090
5269
5350
5405
5430
5570
5600
5602
5617
5671
5679
5699
5736
5941
5944
6195
6227
6241
6242
6595
6834
6838
6903
6920
7101
7138
7190
7397
7537
7712
7725
7743
7831
8009
8020
8089
8122
8125
8347
8577
8667
8678
8749
8953
9047
9205
9247
9322
9474
9539
9563
9616
1351
4498
2107
1709
4771
6568
8289
2413
2637
2090
2335
2578
2857
4118
4343
4345
4698
5716
5851
5887
5902
7061
7227
7361
8291
8568
9655
2952
8311
3168
2062
2334
2643
3776
6212
6594
6828
7083
8400
3762
1946
1953
5276
6177
7993
8303
8589
8885
4045
4503
3779
8036
5003
5719
3279
7431
235
875
2661
3483
3872
3900
4734
5945
7478
7739
9165
7756
2359
8745
6534
9225
1164
3244
6798
8057
1366
158
1700
5909
1668
136
1038
4204
5980
7389
8341
784
5261
754
1372
1633
1944
3161
3827
8446
2919
5302
7109
7142
8663
9250
2988
3159
3190
2368
2903
3481
3789
4480
9282
3247
7783
8734
236
245
797
881
1136
1447
1476
1655
1804
2040
2086
2365
2632
2694
2704
3162
3292
3603
3611
3767
3816
4162
4484
4496
4756
5121
5366
5579
5978
6018
6583
6899
7521
7525
7737
7744
7996
8091
8100
8409
9034
9299
9649
3891
539
848
1058
2401
7538
4657
1387
8882
2042
1807
2303
427
3149
2966
8753
6562
8396
8958
7370
1656
4092
4362
7679
9171
111
783
1959
5257
7360
9526
2235
3439
4764
5244
6151
6754
7961
5368
596
2904
5721
6221
6627
5402
742
1634
1672
3516
3817
6197
6505
7770
8334
9507
6491
896
2343
2933
8050
8325
255
1723
2945
5066
5410
6268
7217
7807
5320
5611
6634
1484
2714
7827
7099
8296
8572
770
1089
1383
1463
1638
1986
2034
2076
2089
2311
2318
2570
2636
2908
3155
3812
3824
3829
4086
4677
5016
5103
5307
5882
6235
6315
6492
6496
6535
6560
6565
7077
7974
8322
8628
8688
8751
8881
9302
9618
9230
9600
1163
1785
2396
4757
7503
9580
57
1265
6096
56
1853
2475
2767
2775
3073
3664
1552
3682
4276
5781
5795
1219
2171
6097
10
6691
7300
7895
9112
283
843
1117
1407
1474
2354
2369
2934
3852
4804
5643
6542
7179
7761
8117
8369
8395
8685
1300
1585
5215
9136
3200
1630
1698
1924
2530
6153
8711
6312
207
1734
2061
6038
7468
7775
9316
362
20
69
340
1555
965
17
21
23
4016
4292
4295
42
341
6106
22
1280
1854
6701
29
7319
7943
76
979
8525
90
393
695
996
998
1298
1299
1906
2205
2507
2809
3111
3392
3412
3717
4319
4621
4922
4923
5212
5829
6131
6132
6433
6734
7038
7338
7641
9150
9445
8851
82
380
390
4326
401
99
1003
1005
1603
1608
1735
2513
2815
3117
4022
4023
4627
5228
5231
5530
5834
5835
6136
6741
6749
8248
8249
8549
9453
98
702
1306
1910
1911
2212
2213
2514
2516
2816
2817
3118
3421
3722
4024
4025
4026
4327
4628
4671
4930
4931
4932
5232
5836
6138
6742
6743
7046
7346
7649
7949
7950
9155
104
712
1010
1016
1922
2222
2526
3426
3427
3729
4331
5238
5538
5841
6169
6445
6452
8256
8259
8556
8558
8562
9157
415
703
1609
3119
1006
100
402
2818
3116
4328
4629
5229
5233
5535
7359
7945
8247
1496
9026
9336
2848
414
3893
420
1356
1783
4676
4974
5908
6852
6811
2083
7168
7364
7689
9213
8693
2598
1606
4080
1092
9545
6441
8251
709
1311
1319
2821
9158
9463
1616
411
412
720
7655
7658
6219
8854
5534
5840
736
1423
3287
4358
8584
9215
413
2036
7375
8269
9651
790
781
1024
1077
1485
2296
3822
4078
4978
6763
7694
8659
1094
132
434
544
718
722
1020
1090
1121
1334
1361
1380
1653
1940
2227
2284
2551
2833
2834
3442
3447
3451
3456
3468
3490
3752
3791
4039
4040
4047
4419
4656
4659
4661
4697
4727
4954
4986
5048
5050
5054
5252
5253
5270
5560
5619
5867
5876
6156
6166
6167
6179
6461
6470
6488
6551
6772
6776
6786
6874
7369
7377
7675
7975
8028
8266
8272
8278
8285
8573
8643
8905
9169
9184
9189
9224
9477
9497
9568
861
2035
6189
4050
126
421
4650
5859
6760
8610
7498
8023
1097
1150
200
1660
3487
5034
5115
5591
5720
6611
7832
8727
9043
1196
1742
150
171
501
903
1657
1701
2228
3820
4425
4442
4448
4451
4692
4944
5011
5133
5551
5850
6216
6244
6539
6826
7240
7379
7664
8058
8316
8618
1961
1162
1972
1033
1188
4434
5383
6497
7438
7821
2063
1381
1392
5919
6237
6640
7805
8060
8333
8344
2066
189
2584
6631
8910
2259
2289
4344
4688
5603
6157
6766
7070
7706
7986
8004
8598
2572
114
123
124
164
167
169
170
205
278
418
432
719
732
824
1051
1086
1096
1322
1323
1341
1353
1355
1358
1360
1374
1379
1639
1640
1651
1666
1680
1691
1925
2015
2231
2265
2532
2544
2560
2566
2568
2589
2597
2675
2841
2853
2869
2891
3134
3136
3138
3146
3152
3202
3320
3435
3459
3467
3473
3527
3567
3737
3738
3739
3740
3742
3743
3759
3773
4038
4042
4079
4084
4114
4340
4346
4355
4368
4375
4456
4467
4509
4644
4681
4687
4700
4729
4730
4746
4768
4794
4945
4946
4947
4965
4969
4972
4984
5004
5047
5248
5255
5268
5275
5291
5392
5550
5553
5599
5609
5618
5869
5879
5883
5885
5898
5956
6152
6154
6155
6173
6178
6196
6224
6245
6254
6299
6454
6455
6456
6463
6468
6480
6494
6498
6614
6755
6777
6792
6813
6818
6820
6864
7058
7086
7088
7146
7396
7405
7418
7485
7532
7680
7693
7710
7750
7963
7965
7966
7967
7998
8000
8008
8018
8038
8095
8102
8264
8265
8268
8275
8280
8284
8298
8314
8315
8403
8428
8581
8582
8602
8603
8679
8730
8867
8891
8934
9172
9183
9187
9208
9235
9240
9468
9469
9489
9501
9516
9519
9535
9621
4397
3850
5042
6581
9551
4408
5318
9562
4971
2585
1052
1080
1931
2695
3758
6300
2845
115
121
151
154
156
173
176
192
196
199
208
212
213
238
298
417
426
459
464
469
471
481
482
483
489
494
505
548
550
565
739
749
753
755
761
769
773
774
795
798
802
804
807
827
834
871
889
898
902
1055
1067
1069
1075
1091
1100
1114
1138
1153
1166
1328
1390
1410
1412
1415
1416
1417
1425
1452
1482
1501
1502
1661
1662
1667
1673
1676
1679
1688
1697
1702
1724
1731
1740
1762
1926
1929
1941
1954
1963
1966
1977
1982
1991
2002
2011
2021
2025
2026
2030
2054
2060
2088
2106
2113
2225
2238
2248
2250
2269
2275
2292
2294
2300
2320
2322
2340
2358
2362
2370
2385
2390
2403
2537
2545
2547
2552
2556
2571
2573
2581
2587
2600
2604
2613
2615
2624
2629
2634
2639
2653
2670
2685
2692
2840
2852
2873
2879
2880
2882
2900
2901
2911
2921
2955
2958
2960
2973
2996
3008
3017
3158
3164
3170
3172
3176
3180
3181
3193
3209
3229
3231
3267
3268
3438
3454
3457
3465
3474
3488
3491
3499
3512
3518
3525
3526
3529
3541
3543
3546
3570
3586
3588
3601
3618
3747
3748
3771
3777
3782
3795
3801
3803
3834
3849
3856
3857
3876
3878
3913
4049
4062
4063
4069
4074
4076
4081
4082
4095
4108
4133
4138
4155
4170
4173
4188
4194
4198
4200
4205
4208
4209
4217
4372
4383
4384
4388
4390
4394
4395
4436
4457
4475
4483
4645
4646
4649
4651
4654
4660
4675
4690
4696
4699
4705
4706
4710
4711
4715
4731
4752
4776
4798
4816
4820
4955
4963
4968
4970
4981
4992
5002
5015
5017
5026
5077
5080
5247
5258
5260
5262
5277
5287
5289
5304
5305
5308
5310
5311
5343
5344
5348
5356
5364
5370
5371
5380
5389
5420
5428
5554
5555
5577
5581
5589
5597
5620
5637
5638
5641
5660
5661
5683
5700
5705
5878
5880
5901
5915
5920
5933
5935
5939
5986
5989
5993
6013
6024
6180
6187
6190
6204
6229
6234
6270
6274
6301
6308
6310
6457
6484
6485
6490
6499
6501
6511
6521
6524
6555
6586
6608
6638
6782
6817
6841
6882
6906
6910
7067
7076
7084
7087
7090
7104
7108
7118
7125
7137
7147
7150
7158
7160
7162
7172
7186
7194
7212
7231
7376
7391
7398
7400
7407
7419
7424
7425
7428
7430
7434
7436
7440
7450
7451
7456
7457
7481
7495
7496
7514
7533
7697
7698
7701
7703
7721
7724
7726
7728
7732
7748
7763
7765
7785
7825
7826
7969
7971
7977
7982
7999
8007
8019
8026
8031
8032
8035
8037
8042
8051
8081
8085
8098
8271
8290
8293
8294
8317
8320
8321
8345
8349
8352
8355
8359
8365
8407
8576
8591
8600
8605
8622
8624
8629
8634
8639
8654
8660
8664
8691
8695
8712
8719
8720
8744
8888
8889
8912
8913
8915
8916
8930
8931
8954
8959
9007
9033
9035
9037
9041
9180
9191
9202
9203
9212
9220
9234
9251
9261
9267
9272
9277
9280
9281
9290
9312
9318
9326
9471
9472
9483
9499
9505
9508
9515
9518
9525
9528
9529
9530
9531
9541
9546
9559
9582
9611
9613
9624
9631
9636
9642
9652
467
1811
3262
3166
122
1648
2314
7493
3201
3220
2007
1974
7392
3242
438
1933
8870
3277
585
735
1428
2949
2976
3558
4160
4443
5104
5109
5403
5630
6281
6871
7764
8690
8926
1155
259
2703
4410
6854
3455
723
738
3432
4950
5862
8288
3476
592
1184
1801
6549
6843
6845
7102
7205
9350
9523
9653
883
6328
7151
3924
1481
1768
7103
4046
8680
4061
142
153
233
468
502
545
554
573
811
821
1047
1070
1084
1093
1109
1134
1165
1350
1376
1445
1487
1646
1725
1751
1995
1996
2006
2281
2302
2319
2325
2328
2333
2594
2606
2623
2625
2650
2688
2888
2896
2914
2917
2932
2992
3197
3222
3227
3253
3544
3798
3868
3873
3923
4104
4369
4405
4407
4490
4684
4781
5097
5119
5294
5295
5296
5317
5349
5391
5640
5914
5926
5932
5942
5946
5969
6199
6214
6278
6282
6295
6518
6520
6563
6579
6642
7081
7126
7195
7394
7404
7420
7441
7484
7687
7704
7734
7738
7749
7778
7780
7796
8021
8046
8115
8304
8318
8356
8390
8595
8644
8706
8993
9236
9242
9532
9556
5422
436
455
717
743
1335
1641
1659
2271
2862
3148
3301
3919
4359
5014
5264
5588
6478
7074
7700
7978
8015
8668
9310
9512
6323
191
201
224
237
251
270
288
289
291
299
477
480
507
518
536
540
543
551
567
588
590
591
879
888
890
891
894
904
1108
1151
1160
1161
1419
1443
1456
1480
1489
1493
1692
1707
1729
1747
1752
1754
2018
2053
2059
2069
2072
2304
2353
2363
2376
2378
2387
2399
2400
2409
2412
2580
2635
2705
2711
2938
2964
2971
2975
2989
2994
3009
3015
3019
3215
3278
3288
3496
3513
3555
3557
3579
3585
3599
3616
3840
3841
3892
3901
3908
3914
4124
4150
4165
4175
4179
4191
4218
4219
4223
4224
4227
4461
4492
4497
4529
4749
4770
4777
4795
4800
4813
4826
4830
5074
5078
5124
5316
5338
5372
5378
5433
5595
5687
5689
5694
5710
5727
5910
5967
5984
5990
5999
6001
6014
6020
6029
6307
6309
6318
6324
6325
6523
6550
6552
6592
6596
6604
6626
6629
6643
6851
6858
6861
6865
6866
6896
6898
6904
6943
7130
7155
7156
7200
7241
7247
7482
7506
7511
7542
7760
7773
7777
7786
7841
7845
7847
8105
8114
8120
8129
8351
8368
8392
8402
8435
8450
8635
8645
8661
8662
8694
8696
8708
8741
8903
8943
8961
8997
8999
9019
9021
9050
9298
9305
9319
9344
9347
9527
9554
9574
9599
9602
9639
9645
9646
9648
8425
452
1159
1354
1737
3018
3573
3769
5274
5566
6762
6876
6902
7066
7098
8397
8442
4353
435
1703
3182
3458
3554
4056
4958
4983
5284
5912
6466
6475
4735
9486
4953
5866
5067
4980
184
445
490
560
730
771
793
822
1025
1032
1035
1464
1663
1677
1684
1942
2023
2317
2329
2549
2558
2562
2567
2838
2839
2844
2856
2858
3014
3142
3204
3254
3289
3300
3310
3441
3448
3469
3534
3583
3746
3754
3772
3783
3808
3823
3837
3867
4053
4126
4174
4349
4455
4685
4732
4809
4818
4960
5008
5098
5341
5632
5874
5893
5927
6002
6181
6202
6253
6255
6264
6476
6477
6500
6797
7079
7085
7139
7185
7232
7373
7795
7822
8022
8099
8274
8309
8329
8611
8697
8872
8877
9502
9536
9553
9614
9634
5896
197
419
3239
4952
7107
7201
6168
127
431
457
721
1017
1057
1647
1968
2240
2351
3433
3466
3761
3859
4374
4472
4670
4672
5266
5872
5897
6472
6474
7122
7685
7989
8594
8879
9170
9179
9181
9190
9200
9241
6225
1059
1060
1199
1790
1971
2041
2087
2397
2574
2967
2979
2982
3275
3284
3881
3887
4088
4518
5000
5095
5325
5327
5377
5407
5415
5569
5709
5733
6213
6288
6341
6598
6808
7403
7696
8308
8324
8366
8426
8427
9226
9327
6628
185
856
6584
6897
7131
6802
1654
3461
3909
8342
9566
6806
3191
7121
2565
4119
8897
7408
130
1028
1065
6610
9218
7477
5950
7717
2352
3003
4090
4382
6502
7776
7809
424
850
1054
1122
1175
1765
1948
1973
2251
2252
2279
2410
2414
2534
2641
2654
2681
2847
2877
2907
2950
2993
3179
3257
3506
3519
3538
3774
3838
3885
4366
4511
4528
4665
4721
4792
4988
5267
5334
5367
5568
5574
5590
5593
5607
5662
5906
6035
6175
6217
6246
6258
6338
6526
6580
6793
6804
7075
7097
7219
7366
7395
7409
7445
7475
7512
7690
7718
7727
7816
7979
8003
8005
8010
8013
8327
8389
8432
8574
8575
8596
8724
8880
8884
8907
8972
8975
9042
9484
9495
9524
9567
187
1112
2257
8069
3314
4521
9229
2245
8124
296
5411
6844
8911
8921
2224
2680
2846
3132
3563
4351
6513
8952
3763
7988
582
4167
4424
4674
8150
9300
269
599
1149
1191
1455
7545
9309
2897
5976
8585
1039
1401
7063
7423
8569
229
1714
3449
3615
8418
3505
4488
8326
4377
4662
4742
6329
1964
1027
1465
2538
4379
4957
5587
5592
5889
6486
7676
8277
8305
8625
9198
7674
4107
146
437
3765
5937
8890
8892
7105
5951
223
760
859
1071
2347
2699
2884
2926
2943
3157
3195
3793
4153
5120
5398
5678
5895
5907
6206
6218
6314
6482
6569
7244
7464
7994
8292
8633
9478
9540
514
1745
1687
4495
4773
6003
2277
2266
3295
4802
4718
5064
1082
5094
5084
1810
2112
2579
4507
4828
5126
6296
6635
9354
8927
9001
751
1649
6032
3794
4117
6824
7411
9049
2276
3477
7686
9175
119
500
3269
7365
2448
50
53
956
957
959
1263
1267
1281
373
1562
1581
55
1582
72
394
1885
7320
9427
1627
204
422
423
425
429
1019
1022
1050
1144
1325
1330
1333
1339
1349
1352
1365
1370
1377
1625
1626
1962
2244
2247
2261
2394
2536
3131
3145
3147
3187
3436
3482
3734
3736
4036
4341
4367
4643
4669
4964
4975
5249
5547
5571
5853
5854
5856
5857
5858
5936
6515
6759
6768
6794
7056
7080
7093
7112
7114
7127
7386
7390
7415
7984
8075
8578
8590
8620
8866
8874
8998
9168
9174
9185
3844
4156
1907
694
4927
5531
6436
6440
8551
1908
691
992
1294
2512
4320
5225
7339
7343
7637
2206
75
78
378
990
6429
2207
1001
4342
2444
68
2469
7017
2791
9153
9428
3075
3088
27
38
39
2487
3375
3380
3420
3670
3972
3973
4280
11
920
1563
4561
4582
4584
4855
5192
2442
5193
5468
0
2
8
1254
1863
2477
4279
4581
6393
6696
6702
8202
5485
5797
5
5830
978
4924
6091
6092
6095
317
6098
8811
6413
94
396
699
700
1000
1002
1583
1605
1909
2208
2210
2510
2787
3718
4020
4624
4926
5832
5833
6435
7644
8848
9151
9450
6434
2204
6703
6715
71
372
1883
4299
7040
370
7013
7293
16
7296
6957
7358
1621
8195
14
8203
8208
1545
8545
8806
9451
9452
1604
4920
5230
8852
9142
2693
2616
3479
4829
3460
3509
5888
3298
1671
1720
4060
148
134
160
168
174
227
230
243
244
247
248
272
273
277
279
280
286
300
428
430
448
449
466
474
493
516
534
538
556
559
564
570
571
575
576
581
594
600
727
731
750
788
799
803
808
813
818
832
837
838
845
846
858
860
865
866
873
874
877
899
905
1030
1031
1036
1073
1076
1079
1103
1107
1110
1116
1127
1130
1147
1148
1154
1156
1158
1177
1181
1192
1197
1198
1362
1368
1427
1432
1438
1440
1441
1449
1453
1475
1495
1499
1506
1637
1664
1708
1738
1741
1749
1753
1770
1775
1776
1792
1797
1938
1988
1999
2032
2033
2043
2046
2049
2052
2070
2071
2079
2080
2092
2094
2097
2099
2100
2109
2243
2254
2278
2283
2290
2301
2305
2307
2310
2321
2323
2339
2341
2346
2350
2360
2375
2377
2402
2408
2541
2542
2582
2591
2592
2605
2608
2610
2618
2633
2657
2667
2669
2671
2684
2697
2707
2835
2843
2867
2899
2906
2918
2923
2927
2935
2941
2944
2947
2956
2965
2970
2980
2990
2995
2997
3001
3006
3013
3184
3194
3224
3226
3230
3241
3246
3256
3272
3273
3291
3307
3475
3500
3504
3524
3528
3535
3548
3550
3556
3559
3581
3584
3591
3596
3600
3608
3609
3612
3613
3619
3750
3764
3800
3826
3832
3836
3858
3863
3879
3883
3888
3894
3898
3903
3905
3911
4052
4097
4116
4127
4129
4135
4146
4149
4152
4157
4161
4163
4169
4172
4176
4181
4184
4185
4192
4195
4207
4226
4385
4393
4406
4429
4449
4460
4463
4466
4468
4471
4474
4505
4516
4523
4524
4652
4655
4673
4695
4704
4708
4737
4743
4751
4754
4772
4780
4788
4803
4807
4815
4821
4824
4956
4979
4997
4999
5007
5021
5024
5028
5038
5041
5045
5057
5059
5061
5069
5083
5086
5091
5106
5110
5111
5122
5128
5263
5313
5352
5358
5363
5375
5379
5387
5394
5399
5419
5583
5598
5601
5608
5642
5644
5646
5653
5654
5658
5669
5675
5684
5697
5703
5704
5707
5715
5737
5864
5890
5900
5905
5918
5931
5957
5961
5977
5981
5995
6008
6009
6015
6022
6026
6163
6184
6201
6207
6220
6236
6238
6243
6266
6272
6286
6289
6290
6313
6317
6326
6334
6339
6459
6467
6506
6514
6530
6540
6548
6556
6577
6589
6591
6599
6606
6617
6619
6620
6632
6637
6769
6775
6783
6784
6812
6815
6827
6831
6832
6840
6859
6860
6862
6868
6873
6886
6888
6895
6901
6907
6909
6912
6917
6921
6923
6933
6935
6940
6941
7068
7115
7117
7132
7133
7149
7165
7166
7169
7173
7175
7178
7182
7196
7199
7214
7218
7225
7234
7237
7242
7243
7371
7380
7459
7466
7470
7472
7473
7476
7486
7487
7507
7508
7509
7513
7516
7518
7519
7520
7529
7530
7544
7547
7682
7683
7713
7714
7722
7753
7757
7758
7759
7788
7789
7802
7811
7817
7820
7828
7835
7846
7848
7849
7976
8040
8048
8053
8059
8071
8076
8084
8092
8094
8109
8123
8141
8145
8149
8151
8281
8301
8310
8330
8336
8354
8357
8361
8372
8385
8393
8440
8445
8452
8583
8606
8627
8640
8657
8658
8665
8673
8682
8687
8689
8692
8704
8705
8707
8709
8710
8723
8725
8726
8731
8737
8738
8739
8743
8923
8929
8939
8942
8963
8964
8968
8971
8988
8990
8991
9005
9009
9010
9012
9013
9027
9030
9053
9210
9217
9269
9270
9271
9274
9287
9296
9311
9321
9332
9334
9335
9338
9351
9481
9492
9504
9552
9569
9570
9571
9575
9576
9585
9588
9590
9591
9597
9601
9603
9608
9627
9635
9638
9641
125
3811
5873
6247
9491
9493
3139
3450
1137
203
2924
3825
5351
5357
5987
6232
7167
7448
7751
8063
8086
8980
9014
9256
9623
1430
2644
175
178
193
206
217
218
219
220
226
232
234
250
252
254
256
264
265
266
267
282
285
287
293
517
522
527
529
532
541
547
557
561
566
577
579
580
584
587
598
602
772
785
820
829
839
841
842
851
857
872
876
900
1105
1118
1120
1131
1135
1157
1171
1174
1176
1195
1202
1203
1391
1397
1409
1413
1414
1420
1422
1429
1433
1436
1437
1450
1459
1468
1469
1473
1478
1479
1492
1497
1498
1503
1507
1683
1699
1706
1711
1713
1716
1718
1719
1722
1727
1739
1758
1761
1766
1773
1777
1781
1782
1787
1788
1791
1793
1794
1798
1799
1803
1805
2008
2031
2045
2065
2067
2068
2075
2081
2084
2095
2098
2103
2291
2327
2338
2342
2344
2357
2367
2379
2380
2382
2386
2411
2595
2602
2614
2622
2626
2628
2638
2646
2648
2663
2664
2673
2687
2690
2708
2717
2887
2894
2909
2930
2937
2940
2942
2951
2957
2963
2984
3012
3189
3196
3208
3211
3214
3216
3240
3251
3258
3259
3271
3276
3290
3294
3304
3305
3308
3316
3318
3501
3502
3510
3514
3522
3530
3531
3536
3540
3542
3552
3565
3571
3576
3606
3607
3620
3623
3785
3805
3819
3830
3831
3833
3845
3846
3853
3880
3886
3889
3917
3922
3925
4051
4091
4112
4113
4125
4128
4131
4132
4139
4145
4171
4178
4190
4206
4214
4225
4391
4402
4403
4404
4414
4416
4426
4431
4433
4437
4438
4440
4445
4469
4486
4506
4508
4519
4522
4527
4719
4733
4748
4750
4783
4784
4786
4790
4791
4810
5018
5029
5031
5039
5040
5052
5060
5063
5076
5085
5089
5092
5093
5112
5300
5306
5321
5329
5333
5340
5353
5354
5355
5360
5362
5374
5384
5386
5395
5400
5404
5408
5417
5423
5431
5562
5621
5649
5664
5677
5682
5686
5691
5698
5702
5708
5711
5712
5724
5734
5947
5949
5964
5966
5972
5975
5979
5988
6004
6005
6031
6034
6036
6039
6226
6239
6249
6251
6259
6277
6293
6302
6306
6321
6336
6522
6528
6536
6537
6541
6543
6553
6578
6593
6624
6639
6641
6825
6842
6846
6855
6872
6877
6878
6883
6892
6894
6900
6914
6922
6926
6931
6932
6939
6945
7136
7143
7144
7152
7153
7154
7161
7163
7164
7170
7191
7192
7207
7211
7222
7226
7228
7229
7233
7246
7433
7435
7444
7452
7454
7460
7462
7463
7474
7488
7489
7490
7494
7500
7517
7526
7528
7736
7768
7771
7782
7812
7815
7823
7833
7839
8011
8025
8034
8039
8044
8074
8077
8078
8093
8101
8107
8108
8113
8116
8134
8136
8140
8147
8332
8337
8340
8350
8374
8376
8379
8380
8399
8405
8408
8410
8414
8420
8437
8441
8448
8637
8642
8651
8655
8656
8675
8677
8700
8717
8722
8729
8732
8932
8937
8944
8956
8957
8965
8974
8978
8989
8995
9000
9020
9023
9032
9045
9046
9048
9227
9243
9257
9259
9268
9278
9285
9288
9292
9301
9307
9324
9337
9346
9349
9352
9544
9547
9560
9561
9564
9572
9584
9586
9589
9592
9605
9610
9620
9622
9643
9647
9650
2676
225
268
1486
2326
5132
8416
2652
2668
2916
3875
6881
7745
2946
2226
3238
183
186
198
231
476
511
542
555
746
763
776
810
812
833
836
1046
1081
1104
1142
1347
1367
1384
1411
1421
1488
1712
2000
2064
2316
2324
2336
2599
2617
2621
2649
2659
2682
2872
2881
2931
3169
3219
3235
3236
3532
3788
3790
3799
3870
4094
4143
4465
4707
4716
4774
4775
4966
5012
5027
5096
5309
5330
5336
5613
5636
5676
5958
5962
6186
6280
6527
6554
6590
6801
6829
6837
6850
7119
7236
7453
7766
8024
8041
8047
8068
8079
8313
8338
8592
8613
8646
8918
8947
8966
8973
9291
9565
716
713
725
1321
2609
3234
3884
3906
4315
4339
4943
5245
5696
5849
6150
6609
6756
7045
7347
7372
7645
7810
9163
9315
9466
757
3010
5242
109
8862
5582
462
5025
8250
3725
8718
202
221
258
504
512
515
768
801
823
825
835
1106
1111
1143
1434
1681
1736
1756
1993
2056
2660
2677
2701
2962
3223
3297
3302
3497
3561
3562
3578
3589
3821
3861
3896
4134
4142
4148
4151
4430
4432
4470
4485
4724
4763
5030
5055
5073
5322
5369
5635
5656
5659
5663
5952
5971
5973
6265
6269
6287
6546
6573
6853
6908
6936
7148
7210
7223
7443
7447
7767
8065
8066
8087
8346
8367
8404
8949
9294
9538
9555
9557
4123
4755
854
5730
1085
112
239
416
1048
1426
1715
1759
2915
4187
4478
4741
4812
5049
5346
5930
6176
8946
9188
9328
7159
6545
8424
450
2874
1326
2905
3452
5860
5877
7384
9214
7741
1943
7116
8742
135
2851
5019
6544
9249
5861
715
1018
1332
2273
2830
3150
3749
3756
4041
4083
4356
4686
6164
6779
8873
8941
9612
4714
6576
6856
241
487
1444
1764
2383
2972
3207
4949
6257
7850
8353
9223
9581
1056
131
144
165
440
446
451
461
473
586
737
741
748
778
1043
1182
1348
1767
1784
1937
1951
1976
1990
2256
2263
2264
2288
2553
2557
2564
2691
2850
2855
2863
2866
2902
2928
3248
3486
3784
3806
3810
3916
4059
4075
4101
4376
4381
4399
4678
4722
4778
4951
4982
4994
5279
5280
5292
5585
5586
5639
5665
5667
5688
5693
5865
6172
6185
6192
6473
6481
6487
6509
6532
6538
6601
6785
6788
6789
6809
6810
6915
7180
7402
7671
7684
7716
7983
7985
8299
8388
8415
8434
8597
8608
8615
8652
8898
8899
8920
8976
9194
9196
9197
9199
9201
9204
9228
9255
9503
9506
9509
9522
1178
7206
1179
1950
5416
7417
7543
1721
3007
8054
6262
8343
9513
6778
3151
8295
7209
7356
101
4337
406
102
103
105
106
108
405
407
409
704
706
707
708
710
711
1007
1008
1009
1011
1012
1014
1312
1313
1314
1315
1610
1612
1613
1614
1615
1912
1914
1915
1916
1917
1918
1919
1932
2216
2217
2218
2219
2220
2221
2233
2518
2520
2521
2522
2529
2531
2822
2823
2824
3123
3124
3125
3126
3127
3129
3144
3422
3424
3425
3428
3429
3430
3726
3727
3728
3730
4028
4029
4030
4031
4032
4033
4034
4035
4329
4332
4333
4334
4338
4631
4632
4633
4634
4635
4640
4641
4934
4935
4936
4937
4938
4939
5235
5236
5237
5239
5241
5537
5542
5543
5838
5842
5844
5847
5848
6142
6144
6145
6442
6446
6447
6448
6451
6746
6747
6748
6751
7047
7048
7049
7050
7051
7060
7064
7350
7351
7352
7353
7354
7651
7652
7653
7656
7952
7953
7954
7955
7956
7957
7958
7959
7968
8254
8255
8257
8258
8261
8262
8555
8559
8560
8561
8856
8857
8858
8859
8860
8861
8863
8865
9160
9161
9162
9166
9176
9458
9460
9461
9462
1658
400
410
728
740
2515
2527
2829
3130
3423
4037
4335
4365
4933
5536
5561
6143
6158
6439
6761
7043
7052
8252
8563
8855
921
1
3
4
6
7
9
12
13
15
18
19
24
25
26
28
30
31
32
33
34
35
36
37
40
41
43
44
45
46
47
48
49
51
52
54
58
59
60
61
62
63
64
65
66
67
70
73
74
77
79
80
81
83
84
85
86
87
88
89
91
93
96
302
303
304
305
306
307
308
309
310
311
312
313
314
315
316
318
319
320
321
322
323
324
325
326
327
328
329
330
331
332
333
334
335
336
337
338
339
342
343
344
345
346
347
348
349
350
351
352
353
354
355
356
357
358
359
360
361
363
364
365
366
367
368
369
371
374
375
376
377
379
381
382
383
384
385
386
387
388
389
391
392
395
397
398
399
604
605
606
607
608
609
610
611
612
613
614
615
616
617
618
619
620
621
622
623
624
625
626
627
628
629
630
631
632
633
634
635
636
637
638
639
640
641
642
643
644
645
646
647
648
649
650
651
652
653
654
655
656
657
658
659
660
661
662
663
664
665
666
667
668
669
670
671
672
673
674
675
676
677
678
679
680
681
682
683
684
685
686
687
688
689
690
692
693
696
697
698
906
907
908
909
910
911
912
913
914
915
916
917
918
919
922
923
924
925
926
927
928
929
930
931
932
933
934
935
936
937
938
939
940
941
942
943
944
945
946
947
948
949
950
951
952
953
954
955
958
960
961
962
963
964
966
967
968
969
970
971
972
973
974
975
976
977
980
981
982
983
984
985
986
987
988
989
991
993
994
995
997
999
1013
1208
1209
1210
1211
1212
1213
1214
1215
1216
1217
1218
1220
1221
1222
1223
1224
1225
1226
1227
1228
1229
1230
1231
1232
1233
1234
1235
1236
1237
1238
1239
1240
1241
1242
1243
1244
1245
1246
1247
1248
1249
1250
1251
1252
1253
1255
1256
1257
1258
1259
1260
1261
1262
1264
1266
1268
1269
1270
1271
1272
1273
1274
1275
1276
1277
1278
1279
1282
1283
1284
1285
1286
1287
1288
1289
1290
1291
1292
1293
1295
1296
1297
1301
1302
1304
1305
1307
1510
1511
1512
1513
1514
1515
1516
1517
1518
1519
1520
1521
1522
1523
1524
1525
1526
1527
1528
1529
1530
1531
1532
1533
1534
1535
1536
1537
1538
1539
1540
1541
1542
1543
1544
1546
1547
1548
1549
1550
1551
1553
1554
1556
1557
1558
1559
1560
1561
1564
1565
1566
1567
1568
1569
1570
1571
1572
1573
1574
1575
1576
1577
1578
1579
1580
1584
1586
1588
1589
1590
1591
1592
1593
1594
1595
1596
1597
1598
1599
1600
1601
1602
1611
1624
1812
1813
1814
1815
1816
1817
1818
1819
1820
1821
1822
1823
1824
1825
1826
1827
1828
1829
1830
1831
1832
1833
1834
1835
1836
1837
1838
1839
1840
1841
1842
1843
1844
1845
1846
1847
1848
1849
1850
1851
1852
1855
1856
1857
1858
1859
1860
1861
1862
1864
1865
1866
1867
1868
1869
1870
1871
1872
1873
1874
1875
1876
1877
1878
1879
1880
1881
1882
1884
1886
1887
1888
1889
1890
1891
1892
1893
1894
1895
1896
1897
1898
1899
1900
1901
1903
1904
1905
2114
2115
2116
2117
2118
2119
2120
2121
2122
2123
2124
2125
2126
2127
2128
2129
2130
2131
2132
2133
2134
2135
2136
2137
2138
2139
2140
2141
2142
2143
2144
2145
2146
2147
2148
2149
2150
2151
2152
2153
2154
2155
2156
2157
2158
2159
2160
2161
2162
2163
2164
2165
2166
2167
2168
2169
2170
2172
2173
2174
2175
2176
2177
2178
2179
2180
2181
2182
2183
2184
2185
2186
2187
2188
2189
2190
2191
2192
2193
2194
2195
2196
2197
2198
2199
2200
2202
2203
2209
2223
2416
2417
2418
2419
2420
2421
2422
2423
2424
2425
2426
2427
2428
2429
2430
2431
2432
2433
2434
2435
2436
2437
2438
2439
2440
2441
2443
2445
2446
2447
2449
2450
2451
2452
2453
2454
2455
2456
2457
2458
2459
2460
2461
2462
2463
2464
2465
2466
2467
2468
2470
2471
2472
2473
2474
2476
2478
2479
2480
2481
2482
2483
2484
2485
2486
2488
2489
2490
2491
2492
2493
2494
2495
2496
2497
2498
2499
2500
2501
2502
2503
2504
2505
2511
2718
2719
2720
2721
2722
2723
2724
2725
2726
2727
2728
2729
2730
2731
2732
2733
2734
2735
2736
2737
2738
2739
2740
2741
2742
2743
2744
2745
2746
2747
2748
2749
2750
2751
2752
2753
2754
2755
2756
2757
2758
2759
2760
2761
2762
2763
2764
2765
2766
2768
2769
2770
2771
2772
2773
2774
2776
2777
2778
2779
2780
2781
2782
2783
2784
2785
2786
2788
2789
2790
2792
2793
2794
2795
2796
2797
2798
2799
2800
2801
2802
2803
2804
2805
2806
2807
2808
2810
2811
2812
2814
2819
2826
3020
3021
3022
3023
3024
3025
3026
3027
3028
3029
3030
3031
3032
3033
3034
3035
3036
3037
3038
3039
3040
3041
3042
3043
3044
3045
3046
3047
3048
3049
3050
3051
3052
3053
3054
3055
3056
3057
3058
3059
3060
3061
3062
3063
3064
3065
3066
3067
3068
3069
3070
3071
3072
3074
3076
3077
3078
3079
3080
3081
3082
3083
3084
3085
3086
3087
3089
3090
3091
3092
3093
3094
3095
3096
3097
3098
3099
3100
3101
3102
3103
3104
3105
3106
3107
3108
3109
3112
3113
3114
3115
3137
3322
3323
3324
3325
3326
3327
3328
3329
3330
3331
3332
3333
3334
3335
3336
3337
3338
3339
3340
3341
3342
3343
3344
3345
3346
3347
3348
3349
3350
3351
3352
3353
3354
3355
3356
3357
3358
3359
3360
3361
3362
3363
3364
3365
3366
3367
3368
3369
3370
3371
3372
3373
3374
3376
3377
3378
3379
3381
3382
3383
3384
3385
3386
3387
3388
3389
3390
3391
3393
3394
3395
3396
3397
3398
3399
3400
3401
3402
3403
3404
3405
3406
3407
3408
3410
3413
3415
3416
3417
3624
3625
3626
3627
3628
3629
3630
3631
3632
3633
3634
3635
3636
3637
3638
3639
3640
3641
3642
3643
3644
3645
3646
3647
3648
3649
3650
3651
3652
3653
3654
3655
3656
3657
3658
3659
3660
3661
3662
3663
3665
3666
3667
3668
3669
3671
3672
3673
3674
3675
3676
3677
3678
3679
3680
3681
3683
3684
3685
3686
3687
3688
3689
3690
3691
3692
3693
3694
3695
3696
3697
3699
3700
3701
3702
3703
3704
3705
3706
3707
3708
3709
3710
3711
3712
3714
3715
3716
3719
3720
3926
3927
3928
3929
3930
3931
3932
3933
3934
3935
3936
3937
3938
3939
3940
3941
3942
3943
3944
3945
3946
3947
3948
3949
3950
3951
3952
3953
3954
3955
3956
3957
3958
3959
3960
3961
3962
3963
3964
3965
3966
3967
3968
3969
3970
3971
3974
3975
3976
3977
3978
3979
3980
3981
3982
3983
3984
3985
3986
3987
3988
3989
3990
3991
3992
3993
3994
3995
3996
3997
3998
3999
4000
4001
4002
4003
4004
4005
4006
4007
4008
4009
4010
4011
4012
4013
4014
4015
4017
4018
4019
4228
4229
4230
4231
4232
4233
4234
4235
4236
4237
4238
4239
4240
4241
4242
4243
4244
4245
4246
4247
4248
4249
4250
4251
4252
4253
4254
4255
4256
4257
4258
4259
4260
4261
4262
4263
4264
4265
4266
4267
4268
4269
4270
4271
4272
4273
4274
4275
4277
4278
4281
4282
4283
4284
4285
4286
4287
4288
4289
4290
4291
4293
4294
4296
4297
4298
4301
4302
4303
4304
4305
4306
4307
4308
4309
4310
4311
4312
4313
4314
4316
4318
4321
4325
4530
4531
4532
4533
4534
4535
4536
4537
4538
4539
4540
4541
4542
4543
4544
4545
4546
4547
4548
4549
4550
4551
4552
4553
4554
4555
4556
4557
4558
4559
4560
4562
4563
4564
4565
4566
4567
4568
4569
4570
4571
4572
4573
4574
4575
4576
4577
4578
4579
4580
4583
4585
4586
4587
4588
4589
4590
4591
4592
4593
4594
4595
4596
4597
4598
4599
4600
4601
4602
4603
4604
4605
4606
4607
4609
4610
4611
4612
4613
4614
4615
4616
4617
4618
4619
4620
4622
4623
4626
4638
4639
4832
4833
4834
4835
4836
4837
4838
4839
4840
4841
4842
4843
4844
4845
4846
4847
4848
4849
4850
4851
4852
4853
4854
4856
4857
4858
4859
4860
4861
4862
4863
4864
4865
4866
4867
4868
4869
4870
4871
4872
4873
4874
4875
4876
4877
4878
4879
4880
4881
4882
4883
4884
4885
4886
4887
4888
4889
4890
4891
4892
4893
4894
4895
4896
4897
4898
4899
4900
4901
4902
4903
4904
4905
4906
4907
4908
4909
4910
4911
4912
4913
4914
4915
4916
4917
4918
4919
4921
4925
4928
5134
5135
5136
5137
5138
5139
5140
5141
5142
5143
5144
5145
5146
5147
5148
5149
5150
5151
5152
5153
5154
5155
5156
5157
5158
5159
5160
5161
5162
5163
5164
5165
5166
5167
5168
5169
5170
5171
5172
5173
5174
5175
5176
5177
5178
5179
5180
5181
5182
5183
5184
5185
5186
5187
5188
5189
5190
5191
5194
5195
5196
5197
5198
5199
5200
5201
5202
5203
5204
5205
5206
5207
5208
5209
5210
5211
5213
5214
5216
5217
5218
5219
5220
5221
5222
5224
5226
5436
5437
5438
5439
5440
5441
5442
5443
5444
5445
5446
5447
5448
5449
5450
5451
5452
5453
5454
5455
5456
5457
5458
5459
5460
5461
5462
5463
5464
5465
5466
5467
5469
5470
5471
5472
5473
5474
5475
5476
5477
5478
5479
5480
5481
5482
5483
5484
5486
5487
5488
5489
5490
5491
5492
5493
5494
5495
5496
5497
5498
5499
5500
5501
5502
5503
5504
5505
5506
5507
5508
5509
5510
5511
5512
5513
5514
5515
5516
5517
5518
5519
5520
5521
5522
5523
5524
5525
5526
5527
5528
5532
5738
5739
5740
5741
5742
5743
5744
5745
5746
5747
5748
5749
5750
5751
5752
5753
5754
5755
5756
5757
5758
5759
5760
5761
5762
5763
5764
5765
5766
5767
5768
5769
5770
5771
5772
5773
5774
5775
5776
5777
5778
5779
5780
5782
5783
5784
5785
5786
5787
5788
5789
5790
5791
5792
5793
5794
5796
5798
5799
5800
5801
5802
5803
5804
5805
5806
5807
5808
5809
5810
5811
5812
5813
5814
5815
5816
5817
5818
5819
5820
5821
5822
5823
5824
5825
5826
5827
5828
5852
6040
6041
6042
6043
6044
6045
6046
6047
6048
6049
6050
6051
6052
6053
6054
6055
6056
6057
6058
6059
6060
6061
6062
6063
6064
6065
6066
6067
6068
6069
6070
6071
6072
6073
6074
6075
6076
6077
6078
6079
6080
6081
6082
6083
6084
6085
6086
6087
6088
6089
6090
6093
6094
6099
6101
6102
6103
6104
6105
6107
6108
6109
6110
6111
6112
6113
6114
6115
6116
6117
6118
6119
6120
6121
6122
6123
6124
6125
6126
6127
6128
6129
6130
6134
6135
6139
6342
6343
6344
6345
6346
6347
6348
6349
6350
6351
6352
6353
6354
6355
6356
6357
6358
6359
6360
6361
6362
6363
6364
6365
6366
6367
6368
6369
6370
6371
6372
6373
6374
6375
6376
6377
6378
6379
6380
6381
6382
6383
6384
6385
6386
6387
6388
6389
6390
6391
6392
6394
6395
6396
6397
6398
6399
6400
6401
6402
6403
6404
6405
6406
6407
6408
6409
6410
6411
6412
6414
6415
6416
6417
6418
6419
6420
6421
6422
6423
6424
6425
6426
6427
6428
6430
6431
6432
6437
6644
6645
6646
6647
6648
6649
6650
6651
6652
6653
6654
6655
6656
6657
6658
6659
6660
6661
6662
6663
6664
6665
6666
6667
6668
6669
6670
6671
6672
6673
6674
6675
6676
6677
6678
6679
6680
6681
6682
6683
6684
6685
6686
6687
6688
6689
6690
6692
6693
6694
6695
6697
6698
6699
6700
6704
6705
6706
6707
6708
6709
6710
6711
6712
6713
6714
6716
6717
6718
6719
6720
6721
6722
6723
6724
6725
6726
6727
6728
6729
6730
6731
6732
6733
6735
6736
6737
6738
6946
6947
6948
6949
6950
6951
6952
6953
6954
6955
6956
6958
6959
6960
6961
6962
6963
6964
6965
6966
6967
6968
6969
6970
6971
6972
6973
6974
6975
6976
6977
6978
6979
6980
6981
6982
6983
6984
6985
6986
6987
6988
6989
6990
6991
6992
6993
6994
6995
6996
6997
6998
6999
7000
7001
7002
7003
7004
7005
7006
7007
7008
7009
7010
7011
7012
7014
7015
7016
7018
7019
7020
7022
7023
7024
7025
7026
7027
7028
7029
7030
7031
7032
7034
7035
7036
7037
7039
7042
7248
7249
7250
7251
7252
7253
7254
7255
7256
7257
7258
7259
7260
7261
7262
7263
7264
7265
7266
7267
7268
7269
7270
7271
7272
7273
7274
7275
7276
7277
7278
7279
7280
7281
7282
7283
7284
7285
7286
7287
7288
7289
7290
7291
7292
7294
7295
7297
7298
7299
7301
7302
7303
7304
7305
7306
7307
7308
7309
7310
7311
7312
7313
7314
7315
7316
7317
7318
7321
7322
7323
7324
7325
7326
7327
7328
7329
7330
7331
7332
7333
7334
7335
7336
7340
7341
7345
7363
7550
7551
7552
7553
7554
7555
7556
7557
7558
7559
7560
7561
7562
7563
7564
7565
7566
7567
7568
7569
7570
7571
7572
7573
7574
7575
7576
7577
7578
7579
7580
7581
7582
7583
7584
7585
7586
7587
7588
7589
7590
7591
7592
7593
7594
7595
7596
7597
7598
7599
7600
7601
7602
7603
7604
7605
7606
7607
7608
7609
7610
7611
7612
7613
7614
7615
7616
7617
7618
7619
7620
7621
7622
7623
7624
7625
7626
7627
7628
7629
7630
7631
7632
7633
7634
7635
7636
7639
7640
7642
7643
7648
7665
7851
7852
7853
7854
7855
7856
7857
7858
7859
7860
7861
7862
7863
7864
7865
7866
7867
7868
7869
7870
7871
7872
7873
7874
7875
7876
7877
7878
7879
7880
7881
7882
7883
7884
7885
7886
7887
7888
7889
7890
7891
7892
7893
7894
7896
7897
7898
7899
7900
7901
7902
7903
7904
7905
7906
7907
7908
7909
7910
7911
7912
7913
7914
7915
7916
7917
7918
7919
7920
7921
7922
7923
7924
7925
7926
7927
7928
7929
7930
7931
7932
7933
7934
7935
7936
7937
7938
7939
7940
7941
7942
7944
7946
7948
8152
8153
8154
8155
8156
8157
8158
8159
8160
8161
8162
8163
8164
8165
8166
8167
8168
8169
8170
8171
8172
8173
8174
8175
8176
8177
8178
8179
8180
8181
8182
8183
8184
8185
8186
8187
8188
8189
8190
8191
8192
8193
8194
8196
8197
8198
8199
8200
8201
8204
8205
8206
8207
8209
8210
8211
8212
8213
8214
8215
8216
8217
8218
8219
8220
8221
8222
8223
8224
8225
8226
8227
8228
8229
8230
8231
8232
8233
8234
8235
8236
8237
8238
8239
8240
8241
8242
8243
8244
8245
8246
8453
8454
8455
8456
8457
8458
8459
8460
8461
8462
8463
8464
8465
8466
8467
8468
8469
8470
8471
8472
8473
8474
8475
8476
8477
8478
8479
8480
8481
8482
8483
8484
8485
8486
8487
8488
8489
8490
8491
8492
8493
8494
8495
8496
8497
8498
8499
8500
8501
8502
8503
8504
8505
8506
8507
8508
8509
8510
8511
8512
8513
8514
8515
8516
8517
8518
8519
8520
8521
8522
8523
8524
8526
8527
8528
8529
8530
8531
8532
8533
8534
8535
8536
8537
8538
8539
8540
8542
8543
8544
8547
8548
8754
8755
8756
8757
8758
8759
8760
8761
8762
8763
8764
8765
8766
8767
8768
8769
8770
8771
8772
8773
8774
8775
8776
8777
8778
8779
8780
8781
8782
8783
8784
8785
8786
8787
8788
8789
8790
8791
8792
8793
8794
8795
8796
8797
8798
8799
8800
8801
8802
8803
8804
8805
8807
8808
8809
8810
8812
8813
8814
8815
8816
8817
8818
8819
8820
8821
8822
8823
8824
8825
8826
8827
8828
8829
8830
8831
8832
8833
8834
8835
8836
8837
8838
8839
8840
8841
8842
8843
8844
8846
8847
8849
8850
9055
9056
9057
9058
9059
9060
9061
9062
9063
9064
9065
9066
9067
9068
9069
9070
9071
9072
9073
9074
9075
9076
9077
9078
9079
9080
9081
9082
9083
9084
9085
9086
9087
9088
9089
9090
9091
9092
9093
9094
9095
9096
9097
9098
9099
9100
9101
9102
9103
9104
9105
9106
9107
9108
9109
9110
9111
9113
9114
9115
9116
9117
9118
9119
9120
9121
9122
9123
9124
9125
9127
9128
9129
9130
9131
9132
9133
9134
9135
9137
9138
9139
9140
9143
9144
9145
9146
9147
9149
9356
9357
9358
9359
9360
9361
9362
9363
9364
9365
9366
9367
9368
9369
9370
9371
9372
9373
9374
9375
9376
9377
9378
9379
9380
9381
9382
9383
9384
9385
9386
9387
9388
9389
9390
9391
9392
9393
9394
9395
9396
9397
9398
9399
9400
9401
9402
9403
9404
9405
9406
9407
9408
9409
9410
9411
9412
9413
9414
9415
9416
9417
9418
9419
9420
9421
9422
9423
9424
9425
9426
9429
9430
9431
9432
9433
9434
9435
9436
9437
9438
9439
9440
9441
9442
9443
9444
9446
9447
9448
9449
9454
2698
1062
4494
7844
8421
4336
4636
408
1618
6137
6449
6739
7057
7659
8550
1303
404
705
1004
1015
1023
1308
1309
1310
1316
1318
1324
1327
1628
1632
1913
1920
1921
2214
2215
2230
2234
2236
2509
2517
2519
2525
2820
2827
2828
2837
3120
3121
3122
3128
3431
3723
3724
3733
4021
4027
4323
4330
4625
4630
4941
4942
5227
5234
5243
5529
5540
5544
5557
5831
5837
5839
5843
5846
6140
6141
6146
6148
6159
6443
6444
6450
6744
6745
6752
6753
6758
6765
7041
7044
7054
7065
7348
7349
7355
7357
7524
7647
7650
7654
7951
8253
8267
8552
8553
8554
8853
8864
8875
9154
9156
9159
9164
9177
9455
9456
9457
9459
9464
9470
2892
4765
4759
5558
9173
5088
110
7962
5545
129
714
1317
3732
4940
7657
8260
7055
433
863
1619
1620
7374
2832
3002
3285
8845
7670
1923
1936
7053
4300
8623
9126
7981
7798
4093
5361
8878
1622
172
495
1064
6453
6483
8412
9475
2057
794
2710
530
1760
3453
9025
1336
6547
8276
8735
9520
3478
442
4054
7245
5539
6165
7660
7662
3485
756
1385
3560
563
745
826
1140
1451
1682
1690
1928
1947
2253
2267
2330
2593
2656
2679
2686
2861
2870
2969
3617
3744
4044
4085
4168
4182
4679
4680
4747
4961
5009
5393
5427
5429
6927
7202
7381
7708
7799
8061
8132
8579
9479
9594
3786
1061
1357
4210
535
3153
4489
5652
7092
7141
7483
8378
7442
6248
6279
7412
5396
246
2022
2047
3549
3568
4115
4447
5102
5616
6585
6830
7422
7510
7964
8118
9273
9534
6340
8139
6605
8382
7458
1405
1952
3877
5345
5572
6893
7824
880
3321
6564
1145
262
7731
7089
9186
8339
8604
3232
3515
5412
5685
6531
7794
8090
8632
8933
9485
8669
4444
9253
485
5610
9279
143
161
240
297
475
503
537
729
775
779
1088
1185
1650
1710
2282
2308
2312
2331
2860
3760
3907
4058
4136
4137
4144
4154
4400
4412
4464
4691
4767
5010
5099
5323
5324
5606
5647
5670
5983
6240
6479
6504
6600
6821
7106
7188
7469
7677
7720
7973
7980
8012
8666
8686
8699
8713
8977
8987
9286
9628
9654
8557
5541
9467
8919
9306
137
1674
6623
8362
195
209
498
2842
3809
5970
6566
6618
7797
9266
9465
1337
141
157
194
439
443
465
1066
1340
1343
1359
1363
1402
1435
1644
1695
1774
1957
1967
2004
2005
2012
2024
2027
2028
2229
2272
2285
2293
2306
2389
2406
2550
2561
2576
2611
2868
3167
3233
3462
3472
3480
3492
3770
3869
4064
4073
4354
4373
4411
4726
4967
4977
4990
5271
5281
5293
5424
5578
5605
5868
5886
5963
6171
6211
6284
6493
6495
6557
6774
6781
6800
6803
6839
6857
7367
7393
7413
7437
7480
7539
7673
7699
7800
7972
8056
8104
8273
8282
8286
8287
8587
8698
8895
8896
8901
8902
8904
8909
9232
9543
9548
9583
9604
1643
491
2108
1987
2074
2665
3463
4991
7059
2533
1945
2246
9038
1789
1717
3622
2102
1395
5283
6297
8684
4177
301
5331
6588
7461
4186
4196
292
1732
6252
4702
765
1115
1665
1965
1983
3160
3185
4100
5013
5303
5681
7416
7702
8617
8922
9222
9260
9537
1386
1778
2014
2019
3594
4712
5725
8119
5870
2859
7723
5916
107
1389
1617
1645
2523
2524
2540
2825
2854
3731
4637
5240
5845
5992
6147
6149
6750
6780
7471
7960
4164
6205
744
120
261
271
478
497
521
525
762
828
830
893
1026
1049
1102
1167
1364
1424
1494
1623
1726
1744
2349
2415
2569
2645
2706
2925
2959
3237
3484
3533
3862
3871
3921
4140
4347
4453
4458
5023
5068
5342
5546
5943
6193
6230
6508
6516
6773
6849
6863
6869
7134
7145
7171
7387
7497
7754
8016
8126
8128
8297
8373
8375
8429
8588
8621
8649
8671
8928
8948
8955
9054
9221
9295
9640
4428
733
1989
4811
4831
5286
5314
5563
6767
6796
7198
7368
7432
8263
8580
6331
215
1461
1491
2241
2674
4215
4380
5953
6507
7707
8283
809
2929
3537
4479
7140
8335
97
701
1587
1607
2201
2506
2508
2813
3418
3419
3713
3721
4322
4929
5223
5533
6438
6740
7033
7337
7344
7638
7646
7947
8546
9141
9148
9152
113
116
117
118
179
1021
1320
1344
1930
2232
2831
2836
3437
3735
3741
4350
4648
4663
4948
5246
5250
5548
5549
5855
6458
6460
6465
6757
6764
6771
7062
7362
7661
7663
7666
8270
8564
8565
8566
8567
8570
8571
8868
8869
8871
9167
9473
458
222
1063
4378
4386
8006
1042
139
2039
5666
5954
8894
1454
486
2893
3306
4103
5072
5634
5996
6622
7814
8302
1934
5564
7987
8049
2546
214
1927
3143
4658
7667
2651
155
2939
3212
3293
4105
4441
4504
4683
4744
4993
5065
5373
5421
6870
6875
7100
7183
8052
8144
8398
8439
8750
9313
2981
5911
3163
133
149
3434
5871
9500
3755
4667
6170
5435
1170
3281
5875
3206
5614
6161
6791
8029
9192
5892
1997
7719
7729
8945
5998
7073
558
1338
2237
4043
7752
2348
2620
8143
8984
9609
9355
9607
4525
1490
1808
2715
4502
6291
7735
1470
1642
2085
3171
8306
9333
2999
6848
 