2184
461
829
1079
1320
1442
1563
1686
2051
2423
2908
3158
3524
3881
213
347
96
102
217
223
468
586
593
836
963
1321
1328
1330
1451
1565
1938
1942
2059
2424
2548
2669
2914
3036
3279
3645
3646
3768
3890
105
228
230
351
354
474
476
721
722
843
1091
1211
1213
1214
1333
1334
1456
1457
1578
1698
1700
1822
1943
1944
2065
2066
2067
2186
2187
2308
2309
2428
2430
2431
2432
2433
2554
2555
2798
2799
2920
2921
3041
3042
3286
3287
3408
3529
3530
3650
3651
3652
3653
3772
3773
3774
3775
3894
3895
231
350
594
595
596
597
717
840
966
1940
2552
3403
3647
463
1324
1688
2662
3397
3398
3516
3527
3759
466
965
3885
472
841
1210
1453
1939
2305
2795
3283
3648
1331
1332
1701
2188
2434
2918
2922
1576
107
2060
2189
968
2311
3288
2429
2435
469
1336
2550
2674
225
1820
3769
226
1087
1088
1941
2306
2307
2551
2672
3166
3771
2794
3897
3165
1085
94
97
99
100
216
218
219
220
221
222
224
339
340
341
342
343
344
464
465
471
589
591
709
710
711
712
714
715
833
835
842
957
958
964
1078
1080
1081
1083
1084
1198
1200
1202
1205
1206
1207
1323
1325
1326
1327
1329
1443
1444
1446
1448
1449
1450
1566
1568
1573
1687
1689
1692
1695
1697
1810
1811
1812
1813
1930
1933
1934
2053
2054
2055
2056
2057
2061
2063
2175
2177
2178
2179
2182
2297
2301
2302
2420
2421
2422
2425
2426
2427
2540
2541
2542
2547
2549
2666
2667
2668
2671
2673
2784
2785
2787
2788
2790
2792
2793
2906
2907
2909
2911
2913
2916
3029
3032
3034
3035
3150
3153
3156
3157
3272
3277
3278
3280
3401
3519
3520
3521
3637
3639
3640
3641
3643
3649
3761
3762
3763
3764
3765
3766
3889
3893
1447
1459
2298
2543
2546
3275
1201
1694
2181
2789
585
1564
3149
953
1691
1935
3159
3276
954
2299
3642
3394
1199
3654
846
1699
1702
1823
3163
3410
3532
3406
117
238
488
612
1104
1465
1589
1957
2322
2932
245
613
858
2446
1471
2569
1709
363
1712
2079
2691
735
981
1348
2081
2568
2935
3053
3055
2811
3178
3298
3544
3545
3423
1349
243
367
1103
2934
3056
3177
3179
3299
3422
3665
3787
424
4
20
24
25
26
30
40
41
46
47
48
49
50
51
52
54
55
58
59
70
101
106
142
145
159
165
168
171
172
173
176
183
214
227
229
246
249
253
255
258
265
278
289
293
294
296
297
300
302
303
305
317
320
352
353
376
377
390
391
406
408
411
417
418
419
420
425
426
427
473
477
493
502
505
507
515
526
531
533
534
539
540
541
542
543
546
549
562
563
599
617
624
629
630
637
641
645
647
650
651
654
657
658
661
662
663
664
665
666
668
671
672
675
685
686
720
723
765
769
773
776
777
781
782
784
785
786
787
788
789
792
795
796
808
809
844
863
866
876
883
889
895
901
903
907
908
910
911
912
917
931
934
935
952
967
987
995
999
1003
1022
1029
1030
1031
1032
1033
1034
1037
1039
1041
1054
1057
1071
1089
1090
1092
1137
1138
1144
1146
1148
1153
1154
1155
1156
1159
1162
1176
1177
1179
1193
1212
1230
1261
1263
1266
1267
1272
1273
1274
1276
1278
1284
1285
1297
1310
1335
1351
1352
1361
1365
1369
1373
1376
1383
1387
1388
1390
1391
1392
1397
1398
1399
1400
1402
1407
1409
1420
1422
1423
1441
1454
1455
1483
1486
1505
1506
1510
1514
1515
1517
1518
1519
1520
1521
1522
1524
1529
1577
1579
1595
1597
1605
1610
1615
1628
1630
1632
1636
1637
1640
1641
1642
1650
1651
1652
1671
1720
1729
1737
1738
1753
1754
1758
1760
1762
1763
1764
1765
1766
1770
1773
1774
1787
1821
1839
1848
1852
1853
1859
1860
1870
1879
1882
1885
1886
1887
1889
1891
1893
1894
1966
1981
1983
1995
1997
1998
1999
2003
2006
2007
2009
2010
2013
2015
2016
2062
2064
2088
2100
2107
2118
2120
2121
2125
2129
2130
2132
2133
2135
2139
2180
2205
2209
2237
2243
2244
2248
2249
2250
2251
2252
2253
2254
2257
2261
2310
2341
2345
2347
2363
2364
2366
2370
2372
2373
2374
2375
2376
2380
2384
2451
2455
2459
2470
2476
2487
2494
2495
2496
2497
2498
2500
2501
2503
2506
2516
2518
2537
2538
2553
2576
2577
2578
2584
2592
2596
2603
2609
2611
2612
2616
2619
2620
2625
2628
2640
2643
2644
2675
2693
2704
2713
2714
2718
2730
2733
2737
2738
2739
2740
2741
2742
2744
2745
2747
2762
2764
2797
2817
2821
2823
2825
2831
2832
2835
2842
2848
2854
2855
2861
2862
2863
2868
2870
2871
2884
2919
2951
2954
2956
2957
2958
2965
2969
2973
2976
2983
2984
2985
2986
2991
3004
3006
3008
3038
3040
3060
3062
3067
3069
3080
3085
3089
3098
3099
3100
3103
3104
3105
3106
3107
3108
3109
3115
3128
3160
3161
3162
3183
3187
3201
3209
3215
3225
3226
3227
3228
3229
3230
3236
3237
3238
3239
3250
3274
3284
3308
3323
3325
3337
3338
3340
3342
3346
3348
3349
3350
3351
3352
3372
3374
3375
3407
3427
3428
3431
3432
3441
3444
3446
3450
3457
3459
3462
3463
3465
3466
3471
3472
3473
3474
3480
3481
3482
3497
3526
3528
3531
3548
3551
3567
3568
3583
3586
3587
3588
3592
3593
3594
3595
3601
3604
3605
3616
3635
3682
3687
3705
3706
3711
3713
3715
3716
3717
3718
3724
3726
3741
3770
3795
3819
3826
3827
3829
3831
3836
3838
3839
3840
3846
3847
3863
3891
60
89
90
91
95
212
215
336
337
458
459
460
581
583
702
704
705
706
707
708
827
828
834
950
951
1073
1074
1075
1086
1195
1196
1197
1317
1318
1439
1440
1561
1562
1683
1684
1685
1805
1806
1927
1928
1929
2049
2050
2171
2172
2173
2293
2294
2295
2296
2415
2416
2417
2539
2659
2660
2661
2781
2782
2783
2902
2903
2904
2905
3024
3025
3026
3027
3146
3147
3148
3268
3269
3270
3271
3282
3391
3392
3512
3513
3514
3515
3634
3636
3756
3757
3758
3878
3879
3880
151
211
949
1437
2414
271
272
295
335
3390
396
518
614
640
643
764
830
969
108
1012
1132
1277
1499
1588
1344
1619
1707
1751
1761
1789
2033
2155
2521
3138
1807
92
338
1319
2114
1808
584
1322
1809
590
1864
1884
1152
1947
1703
2069
1986
2008
2047
1925
2413
2535
2052
93
98
587
831
955
1076
1203
1567
1931
1932
1936
2174
2300
2418
2419
2665
3028
3037
3151
3154
3399
3517
3518
3638
3884
2108
2109
2149
1539
2027
2351
2352
2353
2396
3738
2473
2488
2564
365
1835
2804
2808
2809
3664
2595
2617
2676
110
233
479
2191
2313
3045
3285
3289
3300
3655
3777
3899
2716
2717
2751
2860
2880
1660
2961
2974
1264
2979
3084
3164
1818
3205
3206
3212
3213
3241
673
3329
3360
3393
3449
3452
3589
3694
3710
3776
3030
3814
3815
148
3817
3883
3760
512
19
27
648
766
1149
1375
1498
1622
1623
1863
1987
1988
2110
2232
2474
2598
2721
2840
2964
3454
3467
3573
28
638
1007
1167
1374
1500
1513
1982
2231
2260
2369
3081
3086
3326
3328
3569
3812
29
12
13
14
16
17
18
21
22
23
31
32
33
34
35
36
37
38
56
131
133
135
136
137
138
140
141
147
152
153
154
155
156
157
158
160
161
164
181
256
262
263
268
270
273
274
275
276
277
279
280
282
283
286
378
379
382
385
386
394
395
397
398
399
400
401
402
403
404
405
407
414
501
503
504
508
509
517
519
521
522
523
524
525
527
528
529
530
532
538
623
625
627
628
631
632
642
644
646
649
652
653
746
747
748
750
753
754
755
757
768
770
771
772
774
775
779
780
870
871
877
878
881
887
888
890
891
892
893
894
896
897
898
899
900
904
993
994
996
997
1001
1005
1006
1009
1010
1011
1013
1014
1015
1016
1017
1018
1019
1020
1021
1023
1025
1026
1115
1116
1120
1122
1123
1128
1130
1133
1134
1136
1139
1140
1141
1142
1143
1145
1151
1238
1239
1240
1241
1242
1243
1244
1245
1250
1254
1255
1256
1257
1258
1259
1260
1262
1265
1357
1359
1362
1363
1366
1367
1371
1372
1377
1378
1379
1380
1381
1382
1385
1386
1481
1482
1484
1485
1488
1489
1491
1494
1497
1501
1502
1503
1504
1507
1508
1509
1511
1601
1603
1606
1607
1616
1618
1620
1624
1625
1626
1627
1629
1631
1725
1728
1731
1732
1733
1736
1739
1744
1745
1746
1747
1748
1749
1750
1752
1756
1759
1849
1850
1854
1855
1865
1866
1867
1868
1869
1871
1872
1873
1874
1875
1876
1878
1888
1969
1971
1972
1973
1974
1976
1977
1989
1991
1992
1993
1994
1996
2000
2004
2089
2091
2094
2095
2096
2097
2098
2099
2103
2104
2105
2106
2111
2113
2115
2116
2117
2119
2123
2213
2215
2216
2217
2218
2223
2226
2227
2228
2230
2233
2234
2235
2236
2238
2239
2240
2242
2337
2338
2340
2342
2354
2355
2356
2357
2358
2359
2360
2361
2362
2365
2457
2462
2463
2464
2475
2477
2478
2479
2480
2481
2482
2483
2484
2485
2486
2579
2580
2582
2583
2591
2593
2597
2599
2600
2601
2602
2604
2605
2606
2607
2610
2615
2618
2701
2702
2703
2705
2706
2707
2708
2719
2720
2722
2723
2724
2725
2726
2727
2728
2729
2731
2734
2826
2827
2829
2830
2836
2841
2843
2844
2845
2846
2847
2849
2850
2851
2852
2943
2945
2946
2949
2952
2955
2959
2963
2966
2967
2968
2970
2971
2972
2977
2981
3068
3070
3072
3074
3077
3078
3079
3082
3087
3088
3090
3091
3092
3093
3094
3096
3188
3189
3190
3195
3196
3202
3207
3211
3214
3216
3217
3219
3311
3313
3315
3316
3318
3322
3331
3332
3333
3334
3335
3339
3433
3434
3436
3437
3439
3440
3443
3445
3451
3453
3455
3456
3458
3460
3555
3557
3559
3560
3561
3562
3570
3571
3572
3574
3575
3576
3577
3578
3579
3580
3581
3582
3584
3585
3590
3678
3679
3680
3681
3688
3690
3693
3695
3696
3697
3698
3699
3700
3701
3703
3704
3707
3708
3793
3797
3799
3800
3801
3802
3803
3805
3811
3813
3816
3818
3820
3821
3822
3823
3824
3825
3837
39
2219
0
1
2
3
5
6
7
8
9
11
15
123
124
125
126
127
128
129
130
132
134
139
247
248
250
251
252
254
257
259
260
261
369
370
371
372
373
374
375
380
381
383
384
492
494
495
496
497
498
499
500
506
615
616
618
619
620
622
626
738
739
740
741
742
743
744
749
751
752
861
862
864
865
867
868
869
872
873
874
875
928
984
985
986
988
989
990
991
992
998
1000
1106
1107
1108
1109
1110
1111
1112
1113
1114
1117
1118
1119
1121
1228
1229
1231
1232
1233
1234
1235
1236
1237
1350
1353
1354
1355
1356
1358
1360
1472
1473
1474
1475
1476
1477
1478
1479
1480
1487
1594
1596
1598
1599
1600
1602
1604
1608
1609
1611
1716
1717
1718
1719
1721
1722
1723
1724
1726
1730
1838
1840
1841
1842
1843
1844
1845
1846
1847
1851
1960
1961
1962
1963
1964
1965
1967
1968
1970
1975
2082
2083
2084
2085
2086
2087
2090
2092
2093
2204
2206
2207
2208
2210
2211
2212
2214
2220
2326
2327
2328
2329
2330
2331
2332
2333
2334
2335
2336
2339
2344
2448
2449
2450
2452
2453
2454
2456
2458
2460
2461
2570
2571
2572
2573
2574
2575
2581
2585
2586
2692
2694
2695
2696
2697
2698
2699
2700
2814
2815
2816
2818
2819
2820
2822
2824
2828
2936
2937
2938
2939
2940
2941
2942
2944
2947
2948
2950
3003
3058
3059
3061
3063
3064
3065
3066
3180
3181
3182
3184
3185
3186
3191
3192
3193
3194
3302
3303
3304
3305
3306
3307
3309
3310
3312
3314
3317
3424
3425
3426
3429
3430
3435
3438
3546
3547
3549
3550
3552
3553
3554
3556
3558
3668
3669
3670
3671
3672
3673
3674
3675
3676
3677
3684
3790
3791
3792
3794
3796
3798
3804
3806
2980
109
232
355
478
601
724
847
3898
143
144
149
193
264
1857
3565
266
3011
267
291
783
906
3470
42
166
535
1027
2367
2368
3344
43
45
167
290
413
905
1270
1516
1638
2126
2736
292
537
745
1393
1395
1512
1633
1635
1877
2005
2735
2853
3095
3221
3343
410
428
536
655
656
660
1639
2127
2128
2493
3347
3469
3591
3714
3835
1024
1271
1394
1396
1883
2002
2124
2490
2492
2613
2614
2732
2856
2858
2864
2975
2982
416
3102
3220
1268
3223
3341
1755
3830
3832
3709
3833
3834
304
306
1531
1653
1775
2019
2142
2385
2507
2629
2873
3117
3361
3483
3727
387
388
389
1490
1612
1734
1856
2221
2222
2343
2587
2588
2709
2711
2833
2953
3197
3320
3563
3685
3686
3807
439
475
195
3009
85
1191
80
84
87
88
197
199
208
210
323
324
325
327
331
445
453
457
566
572
576
580
674
689
693
703
814
815
817
818
823
826
920
936
938
943
945
946
1058
1072
1184
1194
1308
1312
1316
1408
1426
1427
1434
1548
1552
1553
1558
1560
1664
1668
1669
1670
1673
1674
1682
1795
1803
1804
1897
1908
1915
1918
1921
1922
1926
2035
2036
2041
2048
2156
2169
2283
2292
2400
2401
2409
2528
2529
2645
2646
2647
2654
2657
2658
2767
2769
2770
2771
2887
2978
3014
3015
3019
3020
3022
3139
3145
3253
3257
3258
3259
3264
3377
3380
3381
3384
3502
3508
3619
3621
3629
3755
3859
3872
3874
3877
510
3683
511
513
520
633
634
635
636
756
758
759
767
879
880
882
909
948
73
811
1559
2291
1681
333
348
349
470
578
600
832
1436
1575
1819
1824
1945
1946
2185
2190
2312
2556
2678
2796
2800
2901
2915
2917
3039
3404
3405
3409
3509
3511
3525
3632
3876
3896
1002
1004
1008
146
269
284
285
392
393
1251
1621
1634
1740
2349
2838
2960
3097
3447
1644
2715
1124
1125
1126
10
1364
3073
1127
1246
1247
1248
1249
1275
170
1292
1368
1727
1370
1492
1493
514
1530
182
550
919
1042
1043
1164
1165
1286
1896
2018
2140
2262
2750
2872
2994
3116
3848
429
1166
552
553
798
1163
1895
2017
2141
2749
2505
2996
3114
180
3359
3603
3725
2993
1587
116
121
366
982
1470
1593
1715
1833
1958
2323
2445
2810
2812
3667
3907
75
690
1424
2766
119
1591
1836
2933
3173
3176
321
1060
1546
1547
1791
2648
3010
3499
3743
361
118
854
1466
1950
444
332
442
1790
2279
3131
490
976
851
980
857
859
1714
3421
1096
1955
979
2443
2444
3175
2080
244
368
486
491
611
860
983
1227
1346
1837
1959
2202
2324
2690
3057
3297
3301
3420
3660
3666
3784
3785
3788
3789
3909
2523
198
567
812
813
1181
1303
1425
1912
1913
1914
2034
2278
2522
3133
3254
3255
3376
3742
2533
1069
2680
111
358
604
730
1338
1708
1825
2315
3414
2779
207
2288
2889
3023
3389
86
456
825
3533
2923
3543
1226
3902
112
726
1221
2071
2076
3910
3911
1613
1614
1643
1735
1742
1743
1786
1617
1858
1978
1979
1980
2101
2102
2122
2131
2145
44
57
71
72
74
163
169
177
178
179
184
185
194
196
281
287
299
316
318
319
412
421
423
430
440
441
544
547
554
556
564
659
676
687
763
793
794
804
810
886
902
914
915
916
918
932
933
1038
1040
1044
1045
1055
1056
1059
1147
1160
1178
1269
1281
1288
1293
1299
1300
1301
1384
1389
1403
1404
1406
1410
1411
1421
1525
1528
1532
1533
1542
1543
1544
1647
1648
1649
1654
1655
1665
1666
1757
1769
1776
1777
1778
1780
1788
1880
1881
1898
1899
1909
1910
2001
2021
2030
2031
2112
2153
2154
2157
2160
2241
2245
2246
2247
2258
2264
2265
2268
2270
2275
2276
2379
2386
2387
2397
2399
2489
2491
2499
2504
2508
2512
2519
2608
2621
2623
2624
2626
2627
2630
2631
2641
2642
2748
2752
2763
2765
2839
2865
2869
2875
2881
2885
2886
2888
2989
2990
2992
3007
3101
3113
3118
3129
3130
3210
3218
3234
3235
3240
3251
3252
3355
3356
3357
3362
3366
3373
3464
3476
3477
3479
3484
3485
3494
3495
3596
3598
3599
3600
3602
3606
3607
3617
3620
3630
3721
3722
3728
3729
3731
3739
3740
3752
3828
3841
3842
3843
3844
3845
3850
3860
3861
3864
61
62
66
64
191
312
313
558
1172
1417
1782
1905
2029
2392
2758
2879
3245
3368
67
190
682
805
1051
1173
2636
3246
3490
3612
307
334
422
431
1289
2143
2997
3363
436
53
174
175
189
298
301
545
551
559
667
669
670
790
791
797
803
913
1035
1036
1157
1158
1161
1279
1280
1282
1283
1287
1295
1298
1401
1405
1416
1523
1526
1527
1645
1646
1661
1767
1768
1772
1890
1892
1903
2011
2012
2014
2026
2134
2255
2256
2263
2274
2377
2378
2381
2502
2514
2515
2622
2743
2866
2867
2987
2988
3002
3110
3123
3124
3231
3232
3353
3354
3475
3489
3597
3719
3720
3855
3856
516
548
1771
2382
3112
3358
3478
582
103
598
845
962
1209
1445
1452
1574
2183
2677
3892
639
681
65
186
187
308
310
311
432
434
435
555
557
677
680
800
802
924
926
927
1046
1048
1050
1168
1169
1171
1412
1534
1537
1540
1656
1658
1659
1781
1900
1901
1902
1904
2023
2024
2025
2146
2147
2148
2267
2269
2383
2388
2389
2390
2391
2393
2513
2632
2633
2637
2753
2754
2755
2756
2757
2759
2876
2878
2995
2999
3001
3111
3121
3242
3244
3364
3365
3367
3369
3491
3608
3610
3611
3730
3732
3733
3849
3851
3852
3854
701
454
2777
2778
3021
3387
3631
3753
3875
762
807
63
68
69
188
192
309
314
315
345
346
433
437
438
462
467
560
561
565
577
588
592
678
679
683
684
688
700
713
716
801
806
837
838
839
925
929
930
956
959
960
961
1047
1049
1052
1053
1077
1082
1170
1174
1175
1204
1208
1291
1294
1296
1413
1414
1415
1418
1419
1458
1535
1536
1541
1545
1569
1570
1571
1572
1580
1657
1662
1663
1667
1690
1693
1779
1784
1785
1814
1816
1906
1907
1911
1937
2022
2028
2032
2045
2058
2144
2150
2151
2176
2266
2272
2273
2277
2289
2303
2304
2394
2395
2398
2411
2510
2511
2517
2520
2532
2544
2545
2634
2635
2638
2639
2655
2663
2664
2670
2760
2761
2786
2791
2877
2882
2883
2910
2912
2998
3000
3005
3031
3033
3043
3044
3120
3122
3126
3127
3143
3152
3155
3243
3248
3249
3273
3281
3370
3371
3395
3396
3400
3486
3487
3488
3492
3493
3496
3522
3523
3609
3614
3615
3618
3644
3736
3737
3767
3853
3857
3858
3862
3886
3887
3888
885
162
1129
1495
1984
3203
3691
3692
921
922
1028
1070
209
1314
2168
1131
1252
2594
3448
1253
1290
1496
1538
2271
1741
1783
1815
104
718
719
1817
2068
3402
1861
884
1862
1990
2229
3208
2020
799
2136
2137
2138
2259
2746
3233
3723
2159
76
77
78
79
81
82
83
200
201
202
203
204
205
206
322
326
328
329
330
443
446
447
448
449
450
451
452
455
568
569
570
571
573
574
575
579
691
692
694
695
696
697
698
699
816
819
820
821
822
824
937
939
940
941
942
944
947
1061
1062
1063
1064
1065
1066
1067
1068
1180
1182
1183
1185
1186
1187
1188
1189
1190
1192
1302
1304
1305
1306
1307
1309
1311
1313
1315
1428
1429
1430
1431
1432
1433
1435
1438
1549
1550
1551
1554
1555
1556
1557
1672
1675
1676
1677
1678
1679
1680
1696
1792
1793
1794
1796
1797
1798
1799
1800
1801
1802
1916
1917
1919
1920
1923
1924
2037
2038
2039
2040
2042
2043
2044
2046
2158
2161
2162
2163
2164
2165
2166
2167
2170
2280
2281
2282
2284
2285
2286
2287
2290
2402
2403
2404
2405
2406
2407
2408
2410
2412
2524
2525
2526
2527
2530
2531
2534
2649
2650
2651
2652
2653
2656
2768
2772
2773
2774
2775
2776
2890
2891
2892
2893
2894
2895
2896
2897
2898
2899
2900
3012
3013
3016
3017
3018
3132
3134
3135
3136
3137
3140
3141
3142
3144
3256
3260
3261
3262
3263
3265
3266
3267
3378
3379
3382
3383
3385
3386
3388
3498
3500
3501
3503
3504
3505
3506
3507
3510
3622
3623
3624
3625
3626
3627
3628
3633
3744
3745
3746
3747
3748
3749
3750
3751
3754
3865
3866
3867
3868
3869
3870
3871
3873
3882
2348
760
2350
2471
2472
2857
1150
2874
923
2962
3083
3119
2509
3125
3204
3224
3324
3327
3468
1985
3613
3247
3712
3734
2152
2201
1469
1949
848
1462
1583
2203
114
234
235
237
357
360
480
481
603
727
849
853
972
973
974
1095
1217
1220
1339
1341
1342
1343
1460
1461
1463
1464
1582
1584
1704
1705
1826
1827
1948
1951
2070
2073
2192
2193
2195
2314
2316
2317
2318
2436
2437
2439
2440
2558
2559
2681
2684
2802
2924
2925
2927
3046
3047
3049
3050
3168
3169
3170
3171
3290
3291
3293
3412
3413
3415
3534
3535
3537
3538
3656
3659
3778
3779
3782
3900
115
239
483
737
122
970
1093
1215
1337
1581
971
1094
1216
2557
2679
1218
2072
2194
3536
3657
3901
1713
2321
2566
2807
3411
2803
3416
729
977
1590
3786
3906
3904
113
364
732
975
1345
1468
1585
1710
2078
2197
2562
2929
3294
3540
3781
3783
3903
2224
2225
778
1135
2346
2371
415
2465
2466
2467
2468
2469
2589
3071
2590
2710
2712
2780
2536
2834
2837
761
2859
2926
728
605
1219
236
240
241
242
356
359
362
482
484
485
487
602
606
607
608
609
725
731
733
734
736
850
852
855
856
978
1097
1098
1099
1100
1101
1102
1105
1222
1223
1224
1225
1340
1347
1467
1586
1706
1711
1828
1829
1830
1831
1832
1834
1952
1953
1954
1956
2074
2075
2077
2196
2198
2199
2200
2319
2320
2325
2438
2441
2442
2560
2561
2563
2565
2567
2682
2683
2685
2686
2687
2688
2689
2801
2805
2806
2813
2928
2930
2931
3048
3051
3052
3054
3167
3172
3174
3292
3295
3296
3417
3418
3419
3539
3541
3542
3658
3661
3662
3663
3780
3905
3908
1592
120
489
610
2447
3075
3076
3198
3199
621
3200
3319
3321
3330
150
288
3336
3345
409
3222
3442
3461
3564
3566
3689
3702
3735
3808
3809
3810
 